alzheimers_disease	blood_pressure	bmi	bone_mineral_density	breast_cancer	celiac_disease	cholesterol	chronic_kidney_disease	colorectal_cancer	c-reactive_protein	fasting_plasma_glucose	height	hematological_parameters	hypertension	inflammatory_bowel_disease	mean_corpuscular_volume	mean_platelet_volume	menarche_age_at_onset	menopause_age_at_onset	metabolic_syndrome	metabolic_traits	metabolite_levels	multiple_sclerosis	myocardial_infarction	parkinsons_disease	phospholipid_levels_plasma	platelet_counts	primary_biliary_cirrhosis	prostate_cancer	psoriasis	pulmonary_function	qt_interval	rheumatoid_arthritis	triglycerides	type_1_diabetes	type_2_diabetes	ventricular_conduction	vitiligo
phastConsElements46wayPlacental	-1.0	0.472306807837	0.123495723535	-0.246745958177	0.037418896331	-0.242053749293	-0.0768611992245	0.273694965416	0.170695435518	-1.0	-1.0	0.277282259026	-1.0	-1.0	-0.825272634423	-0.608896389717	-1.0	-1.0	0.19816683393	-1.0	-1.0	-1.0	-1.0	-1.0	-0.608896389717	-0.242053749293	-0.507615275434	-0.38795804077	0.75410042171	0.359586934608	0.472306807837	-1.0	0.0759749549586	-1.0	-0.718836931957	0.436685500305	-0.710594270101	-0.38795804077
hiSeqDepthTop1Pct	1.0	1.0	1.0	1.0	1.0	1.0	1.0	1.0	1.0	1.0	1.0	1.0	1.0	1.0	1.0	1.0	1.0	1.0	1.0	1.0	1.0	1.0	1.0	1.0	1.0	1.0	1.0	1.0	1.0	1.0	1.0	1.0	1.0	1.0	1.0	1.0	1.0	1.0
sibGene	-0.160821587836	1.0	-0.292729929369	-0.799244196126	-0.53631050401	0.789753164636	-0.921917962455	1.0	-0.242855896812	-0.484432912707	-1.0	-0.852552872804	-0.310876088988	-1.0	-0.00596078219659	-0.721271089204	0.573500013377	-0.009864835866	0.573500013377	1.0	0.378843184225	0.524814690541	0.18437575797	0.106277305434	0.458842114712	0.420779045545	0.378843184225	-0.773886294091	0.522919696744	0.195633950033	0.21940130965	-0.750837520635	0.732550481923	-0.81158101076	-0.81158101076	0.304873993076	-0.799244196126	0.573500013377
cgapSage	-1.0	-1.0	-1.0	-1.0	0.0780855607196	-1.0	-1.0	-1.0	-1.0	-1.0	0.0780855607196	-1.0	-1.0	-1.0	-1.0	-1.0	-1.0	-1.0	-1.0	-1.0	0.151215230811	-1.0	0.151215230811	-1.0	-1.0	-1.0	-1.0	-1.0	-1.0	-1.0	-1.0	-1.0	0.0605145788418	-1.0	-1.0	-1.0	-1.0	-1.0
ntHumChimpCodingDiff	-1.0	-1.0	-1.0	-1.0	-1.0	-1.0	-1.0	-1.0	-1.0	-1.0	-1.0	-1.0	-1.0	-1.0	-1.0	-1.0	-1.0	-1.0	-1.0	-1.0	-1.0	-1.0	-1.0	-1.0	-1.0	-1.0	-1.0	-1.0	-1.0	-1.0	0.0259900990099	-1.0	-1.0	-1.0	-1.0	-1.0	-1.0	-1.0
phastBiasTracts3	-1.0	-1.0	-1.0	-1.0	-1.0	-1.0	-1.0	0.129227080741	-1.0	-1.0	0.0780855607196	-1.0	0.0664010789744	-1.0	-1.0	-1.0	-1.0	-1.0	-1.0	-1.0	-1.0	-1.0	-1.0	-1.0	-1.0	-1.0	0.151215230811	-1.0	-1.0	-1.0	0.123659478955	-1.0	-1.0	-1.0	-1.0	-1.0	-1.0	-1.0
snp138Flagged	1.0	1.0	1.0	1.0	1.0	1.0	1.0	1.0	1.0	1.0	1.0	1.0	1.0	1.0	1.0	1.0	1.0	1.0	1.0	1.0	1.0	1.0	1.0	1.0	1.0	1.0	1.0	1.0	1.0	1.0	1.0	1.0	1.0	1.0	1.0	1.0	1.0	1.0
agilentCghSnpCancer4x180k	0.242418382231	-1.0	0.204931728453	-1.0	0.303438394893	-1.0	-0.630438598352	0.45961034009	0.00525935900261	-1.0	-1.0	-1.0	-1.0	-1.0	0.675153909421	0.220968194855	-1.0	0.557343636683	-1.0	-1.0	0.517725246715	-1.0	0.15522700903	0.489456531935	0.220968194855	-1.0	0.517725246715	-1.0	-1.0	-1.0	-1.0	0.283639486221	0.242418382231	-1.0	-1.0	-1.0	-1.0	-1.0
lrgTranscriptAli	-1.0	-1.0	-1.0	-1.0	-1.0	-1.0	-1.0	-1.0	0.310447819851	-1.0	-1.0	-1.0	0.252861236611	-1.0	0.199817134503	-1.0	0.328685346026	-1.0	-1.0	-1.0	-1.0	-1.0	0.143874612538	-1.0	-1.0	-1.0	-1.0	0.328685346026	0.153014598256	-1.0	-1.0	0.0363128622788	0.23266829706	-1.0	0.44406972242	0.397144916956	0.397144916956	0.328685346026
affyU133Plus2	-1.0	-0.661909204084	-0.724822997866	-0.168553361683	-0.402192212796	-0.148896726237	-0.981375126453	0.388645637753	-0.279821660473	-1.0	0.587635371876	-0.32538992978	-0.763411943614	-0.528276692101	-0.0479371752851	-0.741253828596	0.311337647451	-0.00703307587589	0.311337647451	1.0	0.233999970379	0.777957507934	0.111150178763	0.0965301068243	-0.318429984881	0.806964716084	0.233999970379	0.614449140391	-0.948519817937	0.395270503782	0.0130115396852	0.777957507934	0.757121866642	-0.520118438998	-0.937614379184	0.24477071294	0.24477071294	0.311337647451
ccdsGene_exon	-1.0	-1.0	-0.249877725667	-1.0	0.551716621646	-1.0	-1.0	-1.0	0.578782787886	0.459889975717	-1.0	-0.257174807729	0.492377796727	-1.0	0.39219123961	-1.0	-1.0	-0.408588395013	0.0540604995529	-1.0	-1.0	0.15608604851	0.663405470806	0.165900021898	-1.0	-0.616934978867	-1.0	-1.0	-1.0	0.0296403511802	-1.0	0.522949773838	0.459889975717	-1.0	0.136973800588	0.0975087366754	-1.0	0.604246800709
HInvGeneMrna	-0.346173293258	-0.507651713339	-0.920825860441	-0.171042884101	-0.583550657492	0.807185682052	-0.666355728447	0.288814696869	-0.182566236648	-0.346173293258	-1.0	-0.500660798816	-0.22909511896	-0.755123689971	-0.056844674368	-1.0	0.435947869903	-0.0126923221658	0.0162860632165	0.673370804187	0.166107522159	-0.390561563951	0.399373327772	0.0641450297738	-1.0	0.463084581988	0.399373327772	0.435947869903	-0.169756146064	0.24662507342	0.119301738015	1.0	0.206519905377	-1.0	0.994016620555	0.101445810945	0.816995826715	0.795656256499
snpArrayIlluminaHumanOmni1_Quad	-0.360259986359	-0.0730622589271	0.852931811036	0.494693391405	0.159049066711	0.467905496473	-0.0403428072169	-0.0092960017922	0.0270035781469	-0.360259986359	0.000402072632926	-0.617457066293	-0.237713154233	-0.360259986359	0.0403513932857	-0.013337553727	-0.604597903557	-0.0350488888232	0.192487002301	1.0	-0.921805607814	-0.15234580895	0.0709338773866	-0.783961048259	-0.0868150892539	0.467905496473	-0.0044732506208	-0.604597903557	0.00511791216086	0.561886872706	1.0	1.0	-0.198852140962	-0.807186954993	0.277618997288	0.00180010529408	-1.0	0.437454389693
ntSssSnps	0.50973037386	-0.823037575951	-0.933164020725	0.633424160191	-0.778081775841	-1.0	-0.940223777117	-0.822973331106	0.400744324721	-0.754563964501	-0.39430195637	0.63880027172	-0.344366054594	-0.103272692624	0.306278223769	-1.0	-0.278556512999	0.709402329581	-0.278556512999	0.35996674317	0.837712766289	-0.0649947913584	0.837712766289	-0.286237272552	-0.499278937934	-0.317602516524	-0.408111064492	0.183147892461	0.0571170653607	-1.0	0.357872290733	-0.551310443855	-0.341927347625	0.658488621333	0.376604360677	1.0	0.633424160191	-1.0
allenBrainAli	-1.0	-0.153820208654	0.36481989309	-0.248924039568	-1.0	0.700465304681	-0.464613463421	0.721279191655	0.653385909788	-1.0	0.152236918229	0.766716538336	0.330215909824	-1.0	-0.386906986524	-0.608390525247	-0.390088916467	-0.759562960714	0.66838423449	-1.0	0.750712161323	0.37097289409	0.34728602061	-1.0	1.0	0.0968201816923	0.750712161323	0.0654104990218	-0.759000503786	0.0303977015816	0.481738861125	0.37097289409	-0.611167897409	-0.155687725519	-0.499254081167	0.444005782436	-1.0	-1.0
tRNAs	1.0	1.0	1.0	1.0	1.0	1.0	1.0	1.0	1.0	1.0	1.0	1.0	1.0	1.0	1.0	1.0	1.0	1.0	1.0	1.0	1.0	1.0	1.0	1.0	1.0	1.0	1.0	1.0	1.0	1.0	1.0	1.0	1.0	1.0	1.0	1.0	1.0	1.0
pubsBlatPsl	0.696976946712	-0.400000127296	-0.098137143447	-1.0	-1.0	-1.0	-0.238379618243	0.572090549229	-1.0	0.397192307735	-1.0	0.877328264422	0.117262978344	-1.0	0.925526762402	0.667322324245	-0.49273404933	-0.457063441287	-0.49273404933	1.0	0.294125010028	-1.0	0.113331489468	-1.0	-1.0	-0.33435578189	-1.0	-0.49273404933	0.608206654786	0.0470731838346	0.779581452431	-1.0	0.696976946712	1.0	0.258914857676	-0.22451478872	-0.551724231767	0.163517156641
agilentCgh2x105k	-1.0	-1.0	-1.0	-1.0	-1.0	-1.0	-1.0	-1.0	-1.0	-1.0	-1.0	-1.0	-1.0	-1.0	-1.0	-1.0	-1.0	-1.0	-1.0	-1.0	-1.0	-1.0	-1.0	-1.0	-1.0	-1.0	-1.0	-1.0	-1.0	0.0439496572643	-1.0	0.0439496572643	-1.0	-1.0	-1.0	-1.0	0.0689821325154	-1.0
lincRNAsCTTestes	-1.0	-0.618634113595	-0.395089804302	-0.618111757014	0.485789169872	0.203819546977	-1.0	-1.0	-1.0	0.399893101491	-1.0	-0.807674344354	-1.0	-1.0	1.0	0.368266914481	-1.0	0.0113567429277	0.536262853054	-1.0	-1.0	0.458582247643	0.372578531323	-0.62586539339	0.368266914481	0.203819546977	-0.634033467513	-1.0	0.00831108921741	0.458582247643	-0.618634113595	-1.0	0.399893101491	-1.0	0.297935562577	1.0	1.0	-1.0
affyU95	-0.731608086567	0.467046315349	-0.841091181799	-0.0761226860852	-0.364664102899	-0.789384038552	-0.249732327946	0.482669948581	-0.768217813398	0.492943125571	-0.764965767411	-0.800569640398	-1.0	-0.731608086567	-0.0117075315294	-1.0	-0.57167798354	-0.021377825689	0.777479547211	-1.0	0.0111651877282	0.352296424944	0.0356676037623	0.655568910749	-0.294570744219	-0.420736608643	0.219778161886	0.157859156603	-0.830972012906	0.00820298411384	0.223958970883	0.197830739989	1.0	-1.0	0.814935745405	-0.61124211215	0.456831808468	0.0495801372747
hg19ContigDiff	0.261584763737	-1.0	-1.0	0.439815167759	-1.0	0.404185886113	-1.0	-1.0	-1.0	-1.0	-1.0	0.524684242918	-1.0	-1.0	0.696858752017	0.238717711259	0.0701576676937	-1.0	-1.0	-1.0	0.549123403696	-1.0	-1.0	0.520178007895	-1.0	-1.0	0.549123403696	0.366390623119	-1.0	-1.0	-1.0	0.305359835149	-1.0	0.136157775529	0.0244802236017	-1.0	0.439815167759	-1.0
lincRNAsCTProstate	-1.0	-0.618634113595	-0.395089804302	-0.618111757014	0.485789169872	0.203819546977	-1.0	-1.0	-1.0	0.399893101491	-1.0	-0.807674344354	-1.0	-1.0	1.0	0.368266914481	-1.0	0.0113567429277	0.536262853054	-1.0	-1.0	0.458582247643	0.372578531323	-0.62586539339	0.368266914481	0.203819546977	-0.634033467513	-1.0	0.00831108921741	0.458582247643	-0.618634113595	-1.0	0.399893101491	-1.0	0.297935562577	1.0	1.0	-1.0
hapmapAllelesMacaque	-1.0	-0.0457666282361	-0.216115864178	-0.420085125813	-0.36825146957	1.0	-0.200404827449	0.155555031887	-0.638669257308	-1.0	1.0	0.104276860197	1.0	-1.0	0.502944888861	-0.217037897126	-0.650891311936	0.34861261026	-0.174027919401	1.0	1.0	-0.0228135444227	0.502114445868	-0.722295957008	-0.0073014876531	0.397326486135	0.502114445868	1.0	-0.741113805899	-0.330945678339	0.712113361473	0.619289617686	0.610225610071	0.155555031887	1.0	-0.420085125813	1.0	-0.0501385779315
refGene_exon	-0.610829098852	1.0	1.0	0.697263409059	0.349793789806	0.669368104268	-0.302843412187	-0.712793445464	-1.0	1.0	-1.0	-0.272270317545	-1.0	-0.610829098852	0.818719343093	-1.0	-0.384208990623	-0.100619349753	0.160047272436	-1.0	0.29582657581	0.0946899108084	0.29582657581	0.271801102815	-1.0	-1.0	-1.0	-0.384208990623	-0.502636982396	0.0199771454726	-0.711804719598	-1.0	1.0	-0.712793445464	0.453122249491	0.0262231782718	0.411463130898	0.160047272436
acembly_exon	-1.0	-1.0	-1.0	-0.753430717486	1.0	-1.0	-1.0	-0.557264300324	-0.707364851309	-1.0	0.433496737668	-0.0740324119661	-1.0	-0.374935984811	-1.0	-0.368735894424	-0.145431062507	-0.109085273554	0.266693803822	0.566244156835	0.268078845134	0.0252411047172	1.0	0.00603999593706	0.634417622348	0.313680842072	0.578943717402	-0.489405248215	-0.411572278145	0.0970850648039	0.350433228671	1.0	0.656329179123	-0.230127396993	0.362957696344	0.193247517696	1.0	0.714225702499
knownAlt	-1.0	-1.0	0.468446311743	-1.0	-1.0	-1.0	-1.0	-1.0	-1.0	-1.0	-1.0	-0.242832598899	0.198599634256	-1.0	-1.0	-1.0	-1.0	-1.0	0.261155223451	-1.0	-1.0	0.21468797284	0.410405386012	0.0787495440804	-1.0	-1.0	0.410405386012	-1.0	0.422468702922	-1.0	-1.0	-1.0	0.182202695826	0.359749559244	0.359749559244	0.319110453132	0.319110453132	-1.0
rgdRatQtl	-0.44542014707	-0.338446781679	-0.0934184530502	-0.295149667662	-0.536009756311	0.616969269103	-0.740980553516	1.0	1.0	-0.44542014707	-0.536009756311	-0.819080605804	1.0	1.0	0.569028628765	-0.411541430955	1.0	-0.678098593158	-0.208297673039	-0.0284166259438	-0.655159732625	-0.507551688032	1.0	0.391151605146	1.0	-1.0	-0.655159732625	1.0	0.394612999034	1.0	1.0	1.0	-0.44542014707	0.630438598351	-0.1245068622	1.0	0.619258843966	-0.208297673039
knownGene_exon	-0.610171391906	-1.0	-1.0	1.0	0.380482910801	0.684577443467	-0.306926555686	-0.71583426609	-1.0	-1.0	-1.0	-0.373182168052	-1.0	-0.610171391906	-1.0	-0.61011717374	-0.385622720198	-0.104961204649	0.183564193309	0.411137314529	0.319929770263	0.00403872589517	0.319929770263	0.28947616529	-0.61011717374	-1.0	0.738507671731	-0.385622720198	-0.508367671722	0.0248405051791	-0.712842279678	-1.0	-1.0	-0.71583426609	0.47666144005	0.0336963939961	0.426412748203	0.183564193309
oreganno	-1.0	-1.0	-1.0	-1.0	-1.0	-1.0	-1.0	0.00420663066323	-1.0	-1.0	-1.0	-1.0	0.164347384329	-1.0	-0.614352580131	0.136458438182	-1.0	-1.0	-1.0	-1.0	0.348474524056	-1.0	-1.0	-1.0	-1.0	-1.0	-1.0	-1.0	0.0668688835583	-1.0	-1.0	-1.0	-1.0	0.0460525821538	0.0460525821538	-1.0	-1.0	-1.0
vegaGene_exon	-1.0	0.686780690094	-1.0	-1.0	-1.0	0.642452735476	-0.574986599219	-1.0	-0.619426865793	0.57561869234	-1.0	-0.326809459751	0.610717898237	-1.0	0.621323816947	-1.0	-0.625623675553	-0.160326395652	0.350324721818	-1.0	0.463431708129	0.0122007990987	-1.0	0.0391694492754	-1.0	0.642452735476	-1.0	-0.625623675553	-0.717540304138	0.0122007990987	-1.0	0.256114628625	0.57561869234	-1.0	0.698966810761	0.197470869961	-1.0	0.116660486395
transMapAlnMRna	-1.0	0.372048237882	-0.595260063084	-0.239254860121	-0.148541123811	0.807658098693	-0.89273350795	0.658406899538	-0.175467941999	-0.200106340611	1.0	-0.915370909179	-0.758472627897	-0.523510516422	-0.0504937559419	-0.322568662072	0.427119322262	-0.00561699808296	0.427119322262	0.653692537939	0.688563205982	0.773806737092	0.421524180589	0.0055538020262	-0.322568662072	-1.0	0.421524180589	0.18174006019	-0.232618872042	0.773806737092	0.0696894194436	0.773806737092	0.748147862504	-0.828767440938	-0.51638024016	0.342521659469	0.342521659469	0.427119322262
dgvMerged	-0.710131270912	1.0	-0.830713885481	-0.182729989343	0.321892809557	0.774825676849	0.373711094445	0.317931301487	-0.342428795365	1.0	0.321892809557	-0.709390199792	-0.306559007385	-0.710131270912	-0.731091589603	-0.454749079475	-0.76486254356	0.825945469004	-0.371287952681	1.0	1.0	-1.0	1.0	0.813085154205	0.124020158554	0.38761012816	-0.00349617791449	-0.371287952681	1.0	-0.495671453754	0.191604946455	-1.0	-0.710131270912	1.0	0.317931301487	1.0	-0.182729989343	0.541423468038
simpleRepeat	-1.0	-1.0	0.269747580345	-1.0	-1.0	-1.0	-1.0	-1.0	-1.0	-1.0	-1.0	-0.605354389427	-1.0	-1.0	0.462093408193	-1.0	-1.0	-1.0	-1.0	-1.0	-1.0	0.113282357076	-1.0	-1.0	0.00298584406029	-1.0	0.231118182586	-1.0	0.23898398123	-1.0	-1.0	0.113282357076	-1.0	-1.0	-1.0	-1.0	-1.0	-1.0
lincRNAsCTColon	-1.0	-0.618634113595	-0.395089804302	-0.618111757014	0.485789169872	0.203819546977	-1.0	-1.0	-1.0	0.399893101491	-1.0	-0.807674344354	-1.0	-1.0	1.0	0.368266914481	-1.0	0.0113567429277	0.536262853054	-1.0	-1.0	0.458582247643	0.372578531323	-0.62586539339	0.368266914481	0.203819546977	-0.634033467513	-1.0	0.00831108921741	0.458582247643	-0.618634113595	-1.0	0.399893101491	-1.0	0.297935562577	1.0	1.0	-1.0
affyExonProbesetExtended	-1.0	-1.0	-1.0	-1.0	1.0	-1.0	0.388493276293	-1.0	-1.0	-1.0	-0.614189695454	-0.68739425216	0.586835659548	0.552031054781	-0.30832753269	-1.0	-0.620567844333	-0.718617220736	0.100884552729	-1.0	0.0422574340364	-0.614310828988	0.131318215893	0.00720715791513	-1.0	0.379879449665	-0.7137125744	-0.620567844333	-1.0	1.0	0.213661428459	1.0	0.552031054781	0.682921412013	0.682921412013	0.651282792808	-0.388668599738	0.321918018581
snp138Common	1.0	1.0	1.0	1.0	1.0	1.0	-0.110686812176	1.0	1.0	1.0	1.0	1.0	1.0	1.0	1.0	1.0	1.0	1.0	1.0	1.0	1.0	1.0	1.0	1.0	1.0	1.0	1.0	1.0	1.0	1.0	1.0	1.0	-0.0246144502926	1.0	1.0	1.0	1.0	1.0
ntSssTop5p	0.182202695826	-1.0	0.468446311743	0.319110453132	-1.0	0.290687556986	-1.0	0.359749559244	-1.0	-1.0	0.230473139215	1.0	-1.0	-1.0	-0.623497854481	-1.0	0.261155223451	-1.0	-1.0	-1.0	-1.0	-1.0	-1.0	-1.0	-1.0	-1.0	-1.0	-1.0	0.096759146346	-1.0	-1.0	0.21468797284	0.182202695826	-1.0	0.359749559244	0.319110453132	0.319110453132	-1.0
affyExonProbeFree	1.0	1.0	1.0	1.0	1.0	1.0	1.0	1.0	1.0	1.0	1.0	1.0	1.0	1.0	1.0	1.0	1.0	1.0	1.0	1.0	1.0	1.0	1.0	1.0	1.0	1.0	1.0	1.0	1.0	1.0	1.0	1.0	1.0	1.0	1.0	1.0	1.0	1.0
pseudoYale60_exon	-1.0	-1.0	-1.0	0.090956467276	-1.0	-1.0	-1.0	-1.0	-1.0	-1.0	-1.0	-1.0	-1.0	-1.0	-1.0	-1.0	-1.0	0.136258121126	-1.0	-1.0	-1.0	0.058201339392	0.122849672972	-1.0	-1.0	-1.0	-1.0	-1.0	-1.0	-1.0	-1.0	-1.0	-1.0	-1.0	-1.0	-1.0	-1.0	-1.0
phastConsElements46way	-1.0	0.275856301934	0.373910506224	-1.0	0.0451637123828	-0.241584043506	-0.220056449012	0.72554388841	0.660349923615	-1.0	-1.0	0.396440733616	-1.0	-1.0	-0.667848844647	-0.608070888748	-1.0	0.54952593635	0.223214778143	-1.0	-0.346217808161	-1.0	1.0	-1.0	-0.608070888748	-0.241584043506	-0.346217808161	-0.394093107709	1.0	0.631945228898	0.496347112578	0.631945228898	0.087514116537	-1.0	-0.498137395951	0.455613639583	-0.711409640261	-0.394093107709
lincRNAsCThLF_r1	-1.0	-0.618634113595	-0.395089804302	-0.618111757014	0.485789169872	0.203819546977	-1.0	-1.0	-1.0	0.399893101491	-1.0	-0.807674344354	-1.0	-1.0	1.0	0.368266914481	-1.0	0.0113567429277	0.536262853054	-1.0	-1.0	0.458582247643	0.372578531323	-0.62586539339	0.368266914481	0.203819546977	-0.634033467513	-1.0	0.00831108921741	0.458582247643	-0.618634113595	-1.0	0.399893101491	-1.0	0.297935562577	1.0	1.0	-1.0
snp135Common	1.0	1.0	1.0	1.0	1.0	1.0	-0.0569306930693	1.0	1.0	1.0	1.0	1.0	1.0	1.0	1.0	1.0	1.0	1.0	1.0	1.0	1.0	1.0	1.0	1.0	1.0	1.0	1.0	1.0	1.0	1.0	1.0	1.0	1.0	1.0	1.0	1.0	1.0	1.0
numtS	1.0	1.0	1.0	1.0	1.0	1.0	1.0	1.0	1.0	1.0	1.0	1.0	1.0	1.0	1.0	1.0	1.0	1.0	1.0	1.0	1.0	1.0	1.0	1.0	1.0	1.0	1.0	1.0	1.0	1.0	1.0	1.0	1.0	1.0	1.0	1.0	1.0	1.0
genscan_exon	-1.0	-0.402766348867	-0.503653861333	0.660273503732	-1.0	-1.0	-0.573042558489	-1.0	-1.0	0.569829042849	-0.614753616954	-0.844651542454	0.604868030587	-1.0	0.808669103275	-1.0	-0.624215309698	-1.0	0.343243987411	-1.0	-0.714562517514	0.0646872999286	0.149229093255	0.119524604452	0.531734884518	-1.0	0.458025580131	-0.624215309698	0.265001465853	0.0646872999286	-1.0	0.250389538579	0.569829042849	-1.0	0.694904770538	0.660273503732	0.191303849484	-1.0
acembly	-0.179096341464	-0.471334380075	-0.0403721040691	-1.0	-0.546952381185	0.789923589688	-0.232695221835	1.0	-0.377524397723	-0.499823655256	-1.0	-0.761928301441	-0.322062555135	1.0	-0.115797998015	-0.465002618624	0.571708824725	-0.00142600198272	0.571708824725	0.329870926252	0.279465045861	0.526610099552	0.279465045861	0.0693949574482	0.0640295735915	0.113086573714	0.127249420519	-0.780708584933	0.403377682735	0.526610099552	0.147631971079	-0.760341648396	0.731538285715	-0.490828173446	-0.81816245111	0.457680896381	-1.0	0.571708824725
ccdsGene	-0.758747017664	-0.510275721306	-0.0648937104121	-0.102138777236	-0.100493936347	-0.463079501753	-0.963336268257	0.279896057651	-1.0	-0.758747017664	-1.0	-0.292815783073	-1.0	-0.758747017664	-0.150298290397	-1.0	0.124556843918	-0.0561788911131	0.0156287301062	0.667585532695	0.330746245597	1.0	0.566725101755	0.0206834757635	-0.515550781579	-0.807228462854	0.330746245597	0.611524202656	-0.335470627695	0.24274308152	0.0755201317807	0.561868486536	-0.758747017664	-1.0	-1.0	0.356599382249	0.356599382249	0.308298445138
jaxQtlAsIs	-1.0	-1.0	-0.357787200767	-0.816345843454	-0.00119556787338	0.325836211149	0.811967358509	-0.271245355511	0.0977977147165	-0.74789351352	-0.259198510963	0.140293011423	-1.0	-0.213536092068	0.166224392551	1.0	0.791810264687	-0.566345055463	0.791810264687	-1.0	-0.318991930693	-0.377933452929	-1.0	0.249936587845	-0.745021414306	1.0	0.437540399391	-0.608247158665	0.840169421919	0.078958912425	-0.653612472686	-0.377933452929	0.100396391368	0.664971168581	-0.271245355511	-0.816345843454	-0.816345843454	-1.0
snpArrayAffy6	1.0	0.821172258648	-0.347490387812	0.238119299639	-0.775509456178	-0.0222966226509	-0.0940129587599	-0.126709701437	-0.268776251167	0.522592698221	-0.390067356	0.563066303402	-0.217666561359	1.0	0.547862967394	-1.0	0.596704407754	-0.246693468729	-0.792302769993	1.0	1.10111268929e-11	0.231703369153	0.327123312142	5.94614226525e-05	-0.165043666226	1.0	0.164862712657	-0.427469627749	-0.227551260666	1.0	-0.0218276414214	-0.0345752307686	1.0	-0.375247267879	0.181800825026	0.479782054761	-0.636561006614	-0.792302769993
agilentCghSnp4x180k	0.242418382231	-1.0	0.204931728453	-1.0	0.303438394893	-1.0	-0.630438598352	0.45961034009	0.00525935900261	-1.0	-1.0	0.746191286475	-1.0	-1.0	0.675153909421	0.220968194855	0.341480415669	0.557343636683	-1.0	-1.0	-1.0	-1.0	0.15522700903	0.489456531935	0.220968194855	-1.0	0.517725246715	-1.0	-1.0	-1.0	-1.0	0.283639486221	-1.0	-1.0	-1.0	-1.0	-1.0	-1.0
hapmapSnpsJPT	1.0	1.0	-0.233814560823	1.0	1.0	1.0	-0.151318982613	1.0	1.0	1.0	1.0	-1.0	-0.283792740768	1.0	0.247801225922	1.0	1.0	1.0	1.0	1.0	1.0	-0.00425644770689	1.0	1.0	-1.74457149058e-06	1.0	1.0	1.0	1.0	-0.305359835149	1.0	1.0	1.0	-0.489456531935	1.0	-0.439815167759	-0.439815167759	-0.00829838647007
snpArrayIllumina300	0.104497080541	-0.357442809936	-0.849171571064	0.328910730877	0.0150916445345	0.000481355416683	-0.633082192246	-0.505988924426	0.00773206854596	0.329315988419	0.775052269567	-0.33735215374	-0.34602900517	-0.507367641939	0.191743358964	-0.0312310548879	-0.00193035442032	-0.0473317878652	0.412330174798	-0.66337361939	-0.530681315481	-0.0663745192212	0.0223407454461	-0.387089729401	-0.173478242687	-0.442864901716	-0.294734573261	0.0127079293593	0.00319091177453	0.35939198876	-0.357442809936	0.761149319576	-1.0	-0.114743746841	-0.825112719964	-0.626618266709	-0.626618266709	0.785240292437
nscanGene_exon	-1.0	0.671903467089	-0.503738067483	0.651282792808	0.262843834987	-1.0	-1.0	-1.0	-1.0	0.552031054781	1.0	-0.419899285544	0.586835659548	-1.0	0.800705364487	-1.0	-0.620567844333	-0.158427586843	0.100884552729	-1.0	-0.7137125744	0.0574737787716	0.131318215893	0.420613326375	-1.0	-1.0	1.0	-0.620567844333	-0.714532630453	0.0574737787716	-1.0	1.0	0.552031054781	-1.0	0.234649550617	0.173162549792	0.651282792808	0.321918018581
exoniphy_exon	-1.0	1.0	-0.392074602524	-1.0	0.458839883312	0.552931970407	-1.0	-1.0	0.484025951636	0.375891586472	-1.0	-0.609092049465	0.404828943991	-1.0	0.750310567819	-1.0	-1.0	-0.638151474552	0.147408121595	-1.0	-1.0	0.432459218863	0.336410805759	0.30168661986	-1.0	0.552931970407	-1.0	-1.0	-0.629738120171	0.100895920408	1.0	-1.0	0.375891586472	-1.0	0.266748543076	0.0516225387552	0.593803327597	-1.0
agilentHrd1x1m	-1.0	0.501248054093	-0.618718599675	0.46665489377	0.348474524056	0.10071932614	0.655159732626	0.517725246715	0.36978227547	-1.0	-1.0	-1.0	-1.0	-1.0	-0.713958302328	0.256106841652	-1.0	0.0620090476878	-1.0	-1.0	0.57855107218	-1.0	-1.0	0.549123403697	-1.0	0.429760764754	-1.0	-1.0	-1.0	-1.0	0.501248054093	0.00537565886643	0.280313627782	-1.0	-1.0	0.46665489377	-1.0	-1.0
affyExonProbeExtended	-1.0	-1.0	-0.619243677346	0.479613406582	0.359305510229	-1.0	0.662503615951	-1.0	-1.0	-1.0	-1.0	-0.563166818787	-1.0	-1.0	-1.0	-1.0	-1.0	1.0	0.086408207048	-1.0	0.592563440625	-1.0	0.051800783127	0.189344636315	-1.0	-1.0	0.592563440625	-1.0	0.606630943314	0.3368103851	0.514641648548	-1.0	-1.0	0.531293078649	0.164961616435	-1.0	-1.0	0.086408207048
snp137Flagged	-1.0	-1.0	-1.0	-1.0	-1.0	-1.0	-1.0	-1.0	-1.0	-1.0	-1.0	-1.0	-1.0	-1.0	-1.0	-1.0	-1.0	-1.0	-1.0	-1.0	-1.0	-1.0	-1.0	-1.0	-1.0	-1.0	-1.0	-1.0	-1.0	-1.0	-1.0	-1.0	-1.0	-1.0	-1.0	0.0235148514851	-1.0	-1.0
pubsMarkerGene	-0.526514310005	-1.0	-0.247099636895	-0.164441249752	1.0	-0.33248287207	0.949519005018	0.39160453743	-0.793726105111	-0.200922150322	0.780545003095	-0.491228653158	-0.762659736598	-0.526514310005	-0.0375702922821	-0.73998964515	-1.0	-0.0138174896036	0.0638518308136	1.0	0.0472455390869	-1.0	0.0472455390869	0.0379461303761	-0.73998964515	-1.0	0.238481155863	-1.0	-0.693911483716	0.400145664283	0.045026031614	0.780229467515	0.759189408525	-0.5173376028	1.0	0.246394371859	0.817766362659	0.19003082006
uniGene_3	-0.526412078063	1.0	-0.0469469809548	-0.815652229622	-0.775915873521	0.21561789734	-0.902043710476	0.828601886225	-0.179271810195	-1.0	0.582297290808	-0.802538635219	-0.357084788291	-0.526412078063	-0.0303169150413	-0.744141294624	-0.599683157054	-0.23213552013	0.0580590687994	0.162897494206	0.687079021293	-1.0	0.687079021293	0.0875572948352	-0.744141294624	0.806619562481	0.223868035016	0.79172345106	-0.959659455041	0.0339993109143	0.370141403979	-0.554254885123	-0.526412078063	0.515020968346	-1.0	0.636115204818	1.0	0.426345709092
affyExonProbeAmbiguous	1.0	1.0	1.0	1.0	1.0	1.0	1.0	1.0	1.0	1.0	1.0	1.0	1.0	1.0	1.0	1.0	1.0	1.0	1.0	1.0	1.0	1.0	1.0	1.0	1.0	1.0	1.0	1.0	1.0	1.0	1.0	1.0	1.0	1.0	1.0	1.0	1.0	1.0
refGene	-0.749639254782	-1.0	-0.579294555442	-0.165345837263	1.0	-0.21345987365	-0.711868991502	0.665709858079	-0.591198528388	-0.749639254782	1.0	-0.44289203983	-1.0	-0.749639254782	-0.0112155480584	-1.0	0.602648464608	-0.00354516727236	0.112432741636	0.405544599883	0.0671539773295	1.0	0.31321993841	0.0110324314978	-0.503189111515	0.330879761067	0.31321993841	1.0	-0.0979455515866	0.0840116846229	0.0416748824487	1.0	1.0	-0.578062607589	1.0	0.0970277254767	0.814958361404	0.112432741636
lincRNAsCTOvary	-1.0	-0.618634113595	-0.395089804302	-0.618111757014	0.485789169872	0.203819546977	-1.0	-1.0	-1.0	0.399893101491	-1.0	-0.807674344354	-1.0	-1.0	1.0	0.368266914481	-1.0	0.0113567429277	0.536262853054	-1.0	-1.0	0.458582247643	0.372578531323	-0.62586539339	0.368266914481	0.203819546977	-0.634033467513	-1.0	0.00831108921741	0.458582247643	-0.618634113595	-1.0	0.399893101491	-1.0	0.297935562577	1.0	1.0	-1.0
xenoEst	1.0	1.0	1.0	1.0	1.0	1.0	1.0	1.0	1.0	1.0	1.0	-0.411114756347	1.0	1.0	-0.265990835702	1.0	1.0	1.0	-0.0723457768907	1.0	1.0	1.0	1.0	1.0	1.0	1.0	1.0	1.0	1.0	1.0	1.0	-0.0582013393921	1.0	1.0	1.0	1.0	1.0	1.0
genomicSuperDups	0.021081717834	-1.0	-1.0	-1.0	0.267794307738	-1.0	0.00306263140865	0.41169923281	-1.0	-1.0	-1.0	-0.495572581015	-1.0	0.212828597846	-0.388288383466	-1.0	0.302396110251	-1.0	-1.0	-1.0	0.121795623512	0.249889664041	-1.0	0.439815167759	-1.0	0.335444924585	0.46665489377	-1.0	-1.0	-1.0	-1.0	-1.0	-1.0	-1.0	-1.0	-1.0	-1.0	0.302396110251
lincRNAsCTWhiteBloodCell	-1.0	-0.618634113595	-0.395089804302	-0.618111757014	0.485789169872	0.203819546977	-1.0	-1.0	-1.0	0.399893101491	-1.0	-0.807674344354	-1.0	-1.0	1.0	0.368266914481	-1.0	0.0113567429277	0.536262853054	-1.0	-1.0	0.458582247643	0.372578531323	-0.62586539339	0.368266914481	0.203819546977	-0.634033467513	-1.0	0.00831108921741	0.458582247643	-0.618634113595	-1.0	0.399893101491	-1.0	0.297935562577	1.0	1.0	-1.0
hiSeqDepthTopPt1Pct	1.0	1.0	1.0	1.0	1.0	1.0	1.0	1.0	1.0	1.0	1.0	1.0	1.0	1.0	1.0	1.0	1.0	1.0	1.0	1.0	1.0	1.0	1.0	1.0	1.0	1.0	1.0	1.0	1.0	1.0	1.0	1.0	1.0	1.0	1.0	1.0	1.0	1.0
xenoMrna	-0.0335384998875	-0.668314888514	1.0	1.0	-0.0125580491178	1.0	-0.382957679893	1.0	0.615894854533	-0.545952778727	-1.0	0.686335894824	-0.580660649025	1.0	-0.444015040575	1.0	1.0	-0.267257261928	1.0	1.0	0.713750894228	-0.612755630719	-0.437806756263	0.2475576312	-0.508423130356	1.0	0.25119131714	1.0	0.71417550927	-0.612755630719	-0.668314888514	-0.227615850399	1.0	-0.679011818653	-0.679011818653	1.0	1.0	0.61955760601
genscan	-0.477335358311	-1.0	-0.046712349834	-0.436941557859	-0.36611734504	0.423836383123	0.237047361908	0.809696279949	0.0143991691971	0.734500648982	-0.36611734504	-0.01111641155	-0.510018123426	-0.151875460086	0.950372460047	1.0	-0.575175856941	1.0	0.771459709792	1.0	1.0	0.526333588649	0.184821854628	0.255254049851	-0.714617962156	-1.0	0.380785926573	0.0807379511165	-0.828740453564	0.195427918063	0.808234279539	0.0247363654636	-0.151875460086	-0.22525082258	0.809696279949	1.0	-0.795904951304	1.0
snpArrayAffy250Nsp	0.327590048368	0.726236125722	-1.0	0.476382613607	-0.382492810732	-0.70897658583	-0.152886196841	-0.499375041425	-0.390730798103	-0.615765741925	-0.382492810732	0.534048300085	-0.626599414615	-1.0	0.674849859014	-1.0	0.690331049387	-0.238035070696	0.690331049387	-1.0	3.35631381254e-06	0.0407954102016	0.213059486502	0.0499074646938	-0.608636182745	-0.70897658583	0.530859396791	0.690331049387	-1.0	0.154513178377	-0.157813107505	-0.378758875508	0.327590048368	-1.0	0.310373163848	-0.714297423461	-0.714297423461	-1.0
vegaPseudoGene	-1.0	-1.0	-1.0	0.212828597846	0.150508551203	0.192528419364	-1.0	-1.0	-1.0	-1.0	-1.0	-1.0	-1.0	-1.0	-1.0	0.106530828254	-1.0	-1.0	-1.0	-1.0	-1.0	-1.0	0.0382457664921	-1.0	-1.0	0.192528419364	-1.0	-1.0	-1.0	-1.0	-1.0	-1.0	-1.0	0.242418382231	-1.0	0.212828597846	-1.0	-1.0
lincRNAsCTBreast	-1.0	-0.618634113595	-0.395089804302	-0.618111757014	0.485789169872	0.203819546977	-1.0	-1.0	-1.0	0.399893101491	-1.0	-0.807674344354	-1.0	-1.0	1.0	0.368266914481	-1.0	0.0113567429277	0.536262853054	-1.0	-1.0	0.458582247643	0.372578531323	-0.62586539339	0.368266914481	0.203819546977	-0.634033467513	-1.0	0.00831108921741	0.458582247643	-0.618634113595	-1.0	0.399893101491	-1.0	0.297935562577	1.0	1.0	-1.0
dgvSupporting	-0.710131270912	1.0	1.0	-0.182729989343	0.321892809557	0.774825676849	0.373711094445	0.317931301487	-0.342428795365	0.465629146872	0.321892809557	-0.533431628487	-0.306559007385	-0.710131270912	-0.731091589603	-0.454749079475	-0.76486254356	0.825945469004	-0.371287952681	1.0	1.0	-1.0	1.0	-1.0	0.124020158554	0.38761012816	-0.00349617791449	-0.371287952681	1.0	-0.495671453754	0.191604946455	-1.0	-0.710131270912	0.620942684583	0.620942684583	1.0	-0.182729989343	0.541423468038
lincRNAsCTTestes_R	-1.0	-0.618634113595	-0.395089804302	-0.618111757014	0.485789169872	0.203819546977	-1.0	-1.0	-1.0	0.399893101491	-1.0	-0.807674344354	-1.0	-1.0	1.0	0.368266914481	-1.0	0.0113567429277	0.536262853054	-1.0	-1.0	0.458582247643	0.372578531323	-0.62586539339	0.368266914481	0.203819546977	-0.634033467513	-1.0	0.00831108921741	0.458582247643	-0.618634113595	-1.0	0.399893101491	-1.0	0.297935562577	1.0	1.0	-1.0
hapmapSnpsLWK	0.0699161117812	-0.140403110607	-0.455424350137	0.0343813875667	0.125737283987	0.175134029627	-0.0248405459278	-0.0886519598875	0.0143127063806	-1.0	-0.36820540718	-0.547120858985	-0.00246385008122	-0.478258561096	0.000156797342713	-0.0172364335597	-0.381995640887	-0.153360501141	1.0	1.0	0.00311872997714	-0.331905249981	0.0237101695507	0.822013703696	-0.0172364335597	-1.0	-0.824400391377	0.0805578675935	0.050043342609	1.0	-0.140403110607	1.0	0.734159608042	-0.469391661668	0.0526965586041	-0.437965315313	-0.796299382256	-0.0392253221645
switchDbTss	1.0	1.0	1.0	1.0	1.0	1.0	1.0	1.0	1.0	1.0	1.0	1.0	1.0	1.0	1.0	1.0	1.0	1.0	1.0	1.0	1.0	1.0	1.0	1.0	1.0	1.0	1.0	1.0	1.0	1.0	1.0	1.0	1.0	1.0	1.0	1.0	1.0	1.0
altSeqPatchesP10	-1.0	-1.0	-1.0	-1.0	0.217647691536	-1.0	0.208297673039	-1.0	-1.0	0.171758285811	-1.0	0.416030706979	-1.0	-1.0	-0.618656929416	-1.0	-1.0	-1.0	-1.0	-1.0	0.0808663413032	0.202621718902	-1.0	-1.0	-1.0	0.275148495735	0.390419127911	-1.0	0.402111855637	-1.0	-1.0	-1.0	0.171758285811	-1.0	-1.0	0.302396110251	-1.0	-1.0
affyCytoScan	0.14425908987	-1.0	0.836857923108	0.609094733809	-1.0	-0.266316899811	-0.0855249172461	-0.809383400109	-0.128409374921	-1.0	-0.530962831214	0.907988824093	-0.041968420818	-1.0	0.108323335376	-0.457250344609	-0.770283154278	-0.289384972751	-1.0	-1.0	3.88562478377e-11	0.322612495415	0.656227073344	0.0189800126914	-0.457250344609	0.786575052528	-1.0	-0.770283154278	-0.383190807267	0.0965774200907	-0.618176369467	-0.0432417535028	-0.302626579891	-0.467445546522	0.628084430206	0.187128544449	-0.793956337525	-0.770283154278
gad	0.102377111387	-1.0	-0.567262522275	-0.71510201341	-1.0	1.0	0.812621807066	-1.0	-1.0	-1.0	0.188938132592	0.931960907472	0.377598928896	-0.616572956753	-1.0	-1.0	-0.238947065102	-0.563861361668	-1.0	0.1079744192	0.110200748514	-0.378651486488	-1.0	-1.0	-0.608904415887	-0.245217763616	-0.348814017602	0.693173234165	-0.759968998702	0.0422288274475	-1.0	0.158174624603	0.332433337336	-0.500061358323	0.314666838234	0.0614905905078	-1.0	0.0884404620716
lincRNAsCTLung	-1.0	-0.618634113595	-0.395089804302	-0.618111757014	0.485789169872	0.203819546977	-1.0	-1.0	-1.0	0.399893101491	-1.0	-0.807674344354	-1.0	-1.0	1.0	0.368266914481	-1.0	0.0113567429277	0.536262853054	-1.0	-1.0	0.458582247643	0.372578531323	-0.62586539339	0.368266914481	0.203819546977	-0.634033467513	-1.0	0.00831108921741	0.458582247643	-0.618634113595	-1.0	0.399893101491	-1.0	0.297935562577	1.0	1.0	-1.0
ensGene_exon	-0.619275186115	-1.0	-1.0	0.494026658461	0.664669166367	-1.0	0.81617550024	0.741949078408	-1.0	-1.0	-1.0	-0.194427954483	-1.0	-0.619275186115	-1.0	-0.610001120135	-0.238141801735	-0.0390917086803	0.411281584853	-1.0	0.543830218825	0.0467102846306	0.230796285673	0.197727035161	-0.610001120135	0.0445701881917	0.543830218825	-1.0	-0.236429288744	0.0467102846306	-0.498065933901	0.64750961562	-1.0	-0.502943883302	0.741949078408	0.0688229797652	0.494026658461	0.411281584853
affyGnf1h	0.139700771957	-1.0	0.376714937209	-1.0	0.177977853594	-1.0	-1.0	-1.0	-1.0	-1.0	-1.0	-0.379430841524	-1.0	0.139700771957	0.606441863827	-1.0	-1.0	0.357046388518	0.202621718902	-1.0	-1.0	-1.0	-1.0	0.0465547025779	-1.0	-1.0	-1.0	0.202621718902	0.336810385101	-1.0	-1.0	0.165395881965	-1.0	-1.0	-1.0	-1.0	-1.0	-1.0
eioJcviNASNeg	-1.0	0.363791544351	0.489252074793	-1.0	-1.0	-1.0	1.0	0.37753429371	-1.0	-1.0	-1.0	-1.0	-1.0	-1.0	-1.0	-1.0	-1.0	0.121282776272	-1.0	-1.0	-1.0	0.0243092995894	0.429760764754	0.404185886113	-1.0	-1.0	-1.0	-1.0	0.442157269868	-1.0	-1.0	-1.0	0.192528419364	0.37753429371	0.37753429371	-1.0	-1.0	-1.0
exoniphy	-1.0	1.0	-0.392074602524	-1.0	0.458839883312	0.552931970407	-1.0	-1.0	0.484025951636	0.375891586472	-1.0	-0.609092049465	0.404828943991	-1.0	0.750310567819	-1.0	-1.0	-0.638151474552	0.147408121595	-1.0	-1.0	0.432459218863	0.336410805759	0.30168661986	-1.0	0.552931970407	-1.0	-1.0	-0.629738120171	0.100895920408	1.0	-1.0	0.375891586472	-1.0	0.266748543076	0.0516225387552	0.593803327597	-1.0
affyExonProbeFull	-1.0	0.328685346026	-1.0	-1.0	-1.0	-1.0	0.588182656073	0.341480415669	-1.0	-1.0	-1.0	-0.238132032048	-1.0	-1.0	0.30765046963	0.155911824443	-1.0	0.424872002174	-1.0	-1.0	-1.0	-1.0	0.390419127911	0.366390623119	-1.0	-1.0	-1.0	-1.0	0.086408207048	0.202621718902	0.328685346026	-1.0	0.171758285811	-1.0	-1.0	-1.0	-1.0	-1.0
cytoBandIdeo	1.0	1.0	1.0	1.0	1.0	1.0	1.0	1.0	1.0	1.0	1.0	1.0	1.0	1.0	1.0	1.0	1.0	1.0	1.0	1.0	1.0	1.0	1.0	1.0	1.0	1.0	1.0	1.0	1.0	1.0	1.0	1.0	1.0	1.0	1.0	1.0	1.0	1.0
hgIkmc	-0.20938075816	-0.26874516692	-0.563593721903	-0.102303278646	-0.782829080088	-0.807741955318	-0.914348125832	0.287092697503	-0.593794769926	-0.533727585919	0.581433287531	-0.35163153218	-0.766107402959	-0.533727585919	-0.00983135060356	-0.32564660263	0.607658196575	-0.0238386143733	0.0353341254907	0.375178717436	0.169460566356	-1.0	0.327930157397	0.0643450135752	-0.744827630924	1.0	0.0760398970598	0.607658196575	-0.327134341184	0.388124702531	0.0268018548121	0.774617924056	0.754089206272	-0.968394736437	0.832108720931	0.359987158002	0.359987158002	0.0353341254907
hapmapSnpsCHB	1.0	1.0	-0.233814560823	1.0	1.0	1.0	-0.151318982613	1.0	1.0	1.0	1.0	-1.0	-0.283792740768	1.0	0.247801225922	1.0	1.0	1.0	1.0	1.0	1.0	-0.00425644770689	1.0	1.0	-1.74457149058e-06	1.0	1.0	1.0	1.0	-0.305359835149	1.0	1.0	1.0	-0.489456531935	1.0	-0.439815167759	-0.439815167759	-0.00829838647007
affyExonProbeCore	-1.0	0.52769225723	-0.620309007789	-1.0	0.369970079201	-1.0	-0.397925784837	-1.0	-1.0	0.29861387463	-1.0	-0.563011072914	0.323223914117	-1.0	-1.0	-1.0	-1.0	-0.618823713114	0.0920674273814	-1.0	0.22634005435	0.0616843476773	0.606127269746	0.200347424385	-1.0	-1.0	-1.0	-1.0	1.0	0.347000238339	-1.0	-1.0	0.29861387463	-1.0	0.174811758185	0.492273259687	0.492273259687	0.413594982609
darned	1.0	1.0	1.0	1.0	1.0	1.0	1.0	1.0	1.0	1.0	1.0	1.0	1.0	1.0	1.0	1.0	1.0	1.0	1.0	1.0	1.0	1.0	1.0	1.0	1.0	1.0	1.0	1.0	1.0	1.0	1.0	1.0	1.0	1.0	1.0	1.0	1.0	1.0
cosmic	-1.0	-1.0	-1.0	-1.0	0.217647691536	0.275148495735	-1.0	-1.0	0.232409055846	-1.0	-1.0	-1.0	-1.0	-1.0	-1.0	0.155911824443	-1.0	-1.0	-1.0	-1.0	-1.0	-1.0	-1.0	0.366390623119	-1.0	-1.0	-1.0	-1.0	-1.0	0.202621718902	-1.0	0.202621718902	-1.0	-1.0	0.0599888835074	-1.0	0.0458579056334	-1.0
stsMap	-1.0	-1.0	0.0994081626719	0.304143553238	0.1718809299	-0.616859994103	-0.510771260689	-1.0	-1.0	-1.0	-1.0	-0.500472509413	0.130352366081	-1.0	0.771981556316	0.418491729015	-1.0	-0.405218917167	0.596289296702	0.259486051073	0.659222811207	0.150817477788	-1.0	-1.0	-1.0	1.0	0.659222811207	-1.0	0.666932702356	0.150817477788	-1.0	-1.0	-1.0	0.00669428609654	-1.0	-0.620171267141	-1.0	0.596289296702
ucscRetroAli5	-1.0	-1.0	-1.0	0.0689821325154	-1.0	-1.0	-1.0	-1.0	-1.0	-1.0	-1.0	-1.0	-1.0	-1.0	0.206876003677	-1.0	-1.0	-1.0	-1.0	-1.0	-1.0	-1.0	0.0935737955614	-1.0	-1.0	-1.0	-1.0	-1.0	-1.0	-1.0	-1.0	-1.0	-1.0	-1.0	-1.0	-1.0	-1.0	-1.0
pubsBlat	0.492943125571	-0.63679639503	-0.0144336002989	-1.0	-0.764965767411	-0.420736608643	0.971754974483	-1.0	-1.0	0.492943125571	1.0	-0.626485319018	0.31675336945	-0.731608086567	0.418396812975	-1.0	-0.0813236820417	-0.0630786170182	0.396301694477	0.635618657952	0.0111651877282	-1.0	0.219778161886	0.25446863115	-0.294570744219	-0.0306739059665	1.0	-1.0	-0.830972012906	0.0490916330378	-1.0	0.756079205815	1.0	0.242513077716	0.242513077716	-1.0	-0.21387431469	0.396301694477
geneReviews	-1.0	-1.0	-1.0	1.0	0.485789169872	-1.0	-1.0	-0.620272461627	0.511661412897	0.399893101491	-1.0	-0.807674344354	0.0990876385792	-1.0	-0.761103959817	-1.0	-1.0	-0.392026153568	0.536262853054	-1.0	0.372578531323	-1.0	0.132781912254	-0.62586539339	-1.0	-1.0	-1.0	-1.0	0.390830059158	-1.0	-0.618634113595	0.115279049318	-1.0	0.0900499650316	-1.0	0.0116537006234	0.24124835933	0.0338069494631
uMassBrainHistonePeaksNeuron	-1.0	-1.0	-1.0	0.212828597846	-1.0	-1.0	0.44542014707	-1.0	-1.0	0.11771317083	0.150508551203	0.115570600831	-1.0	-1.0	-1.0	-1.0	-1.0	-1.0	-1.0	-1.0	-1.0	0.139700771957	-1.0	0.261584763737	-1.0	-1.0	0.280313627781	-1.0	-1.0	-1.0	-1.0	-1.0	-1.0	-1.0	-1.0	-1.0	-1.0	-1.0
uMassBrainHistonePeaksInfant	-1.0	-1.0	-1.0	-1.0	-1.0	-1.0	-1.0	-1.0	-1.0	-1.0	-1.0	0.0151827450403	-1.0	-1.0	-1.0	-1.0	-1.0	-1.0	-1.0	-1.0	-1.0	-1.0	-1.0	-1.0	-1.0	-1.0	-1.0	-1.0	-1.0	-1.0	-1.0	-1.0	-1.0	-1.0	-1.0	-1.0	-1.0	-1.0
snpArrayAffy250Sty	-0.373775407809	-1.0	-0.416834275599	0.732949931139	0.400380779161	-0.149115930629	-1.0	-0.755738727123	0.418998402797	-1.0	-1.0	0.752145901733	0.650320165705	0.632352427184	0.180977052604	0.347905990976	0.440835232661	-0.785983744525	-0.242980942238	0.516398594655	-0.237732590548	-1.0	-0.237732590548	1.05613815476e-05	-0.617401780589	-0.715905869146	0.0707339821513	-0.706845655958	-0.159258282428	-1.0	-0.340714967151	-1.0	-1.0	0.522891532419	0.102779693058	0.1615435777	-1.0	-0.706845655958
lincRNAsCTAdrenal	-1.0	-0.618634113595	-0.395089804302	-0.618111757014	0.485789169872	0.203819546977	-1.0	-1.0	-1.0	0.399893101491	-1.0	-0.807674344354	-1.0	-1.0	1.0	0.368266914481	-1.0	0.0113567429277	0.536262853054	-1.0	-1.0	0.458582247643	0.372578531323	-0.62586539339	0.368266914481	0.203819546977	-0.634033467513	-1.0	0.00831108921741	0.458582247643	-0.618634113595	-1.0	0.399893101491	-1.0	0.297935562577	1.0	1.0	-1.0
decodeHotSpotFemale	-1.0	-1.0	-1.0	-1.0	-1.0	0.259289453814	0.186995711374	-1.0	-1.0	-1.0	0.20462518192	0.399944663571	-1.0	-1.0	0.279080004659	-1.0	-1.0	-1.0	-1.0	-1.0	-1.0	-1.0	0.36978227547	0.0619097635305	-1.0	-1.0	0.36978227547	-1.0	-1.0	-1.0	-1.0	-1.0	-1.0	-1.0	-1.0	-1.0	0.285293563276	-1.0
snpArrayAffy6SV	-1.0	-1.0	-1.0	-1.0	-1.0	0.101103557967	-1.0	-1.0	-1.0	-1.0	-1.0	0.118137023186	-1.0	-1.0	-1.0	-1.0	-1.0	-1.0	-1.0	-1.0	-1.0	-1.0	0.151215230811	-1.0	-1.0	-1.0	-1.0	-1.0	-1.0	-1.0	-1.0	-1.0	-1.0	-1.0	-1.0	0.112438839318	-1.0	-1.0
snp137Common	1.0	1.0	1.0	1.0	1.0	1.0	-0.0569306930693	1.0	1.0	1.0	1.0	1.0	1.0	1.0	1.0	1.0	1.0	1.0	1.0	1.0	1.0	1.0	1.0	1.0	1.0	1.0	1.0	1.0	1.0	1.0	1.0	1.0	1.0	1.0	1.0	1.0	1.0	1.0
decodeHotSpotMale	-1.0	-1.0	0.376714937209	-1.0	-1.0	0.226586639919	0.507551688032	-1.0	-1.0	-1.0	-1.0	-0.379430841524	-1.0	-1.0	0.221961730795	-1.0	-1.0	-1.0	0.202621718902	-1.0	-1.0	0.165395881965	-1.0	0.305359835149	-1.0	-1.0	0.32647496253	-1.0	-1.0	-1.0	-1.0	-1.0	-1.0	-1.0	0.283639486221	-1.0	0.249889664041	0.202621718902
hapmapSnpsCHD	0.0398607826013	-0.08477676449	-0.549544865153	0.0196098477879	0.766009363261	0.0314698325008	-0.0172789495493	-0.0975845057259	0.0784862165784	0.732024493742	-0.53847364064	-0.922077116637	-0.0174775512997	-0.16504946944	0.0117217694921	-0.021043055355	-0.0460109270549	-0.389696697688	1.0	1.0	0.379464605864	-0.345366520131	0.0141577353656	0.494965745751	-0.021043055355	-1.0	-0.828538061736	0.253138541496	0.00906160860572	1.0	-0.220920215034	0.524750906272	-1.0	-0.236107394499	0.151448843506	-0.449971528294	-0.801072617448	-0.391001852348
snpArrayIllumina1M	0.338726192628	-0.0211074842924	-0.979760101022	0.227725564014	0.00291824860389	0.000504915791739	-0.266017633143	-0.285048405914	0.00316557126787	0.338726192628	-0.248384363778	-0.213466562192	-0.0227670027192	-0.51143456691	0.0164118662122	-0.00196658521867	-0.188663481469	-0.0228945643385	1.0	-1.0	-0.706651363347	-0.374836769513	0.0641834822669	-0.47892523731	-0.0829320378046	0.315144883083	-0.706651363347	0.00167918688052	0.0446131631847	0.227509678989	-0.360347260988	0.227509678989	-1.0	-0.502052978603	-0.662513051161	-0.156677092602	1.0	0.590510722097
affyExonProbesetAmbiguous	1.0	1.0	1.0	1.0	1.0	1.0	1.0	1.0	1.0	1.0	1.0	1.0	1.0	1.0	1.0	1.0	1.0	1.0	1.0	1.0	1.0	1.0	1.0	1.0	1.0	1.0	1.0	1.0	1.0	1.0	1.0	1.0	1.0	1.0	1.0	1.0	1.0	1.0
vistaEnhancers	-1.0	-1.0	0.0753064153999	-1.0	-1.0	-1.0	-1.0	0.0537469174427	-1.0	-1.0	-1.0	-1.0	-1.0	-1.0	-1.0	-1.0	-1.0	-1.0	-1.0	-1.0	-1.0	-1.0	-1.0	-1.0	-1.0	-1.0	-1.0	-1.0	-1.0	-1.0	-1.0	-1.0	-1.0	-1.0	-1.0	-1.0	-1.0	-1.0
encodeRegions	-1.0	-1.0	-1.0	-1.0	0.0223100472967	-1.0	0.588182656073	-1.0	-1.0	-1.0	-1.0	0.707594626334	0.187326739085	-1.0	0.30765046963	0.155911824443	-1.0	-1.0	-1.0	-1.0	0.390419127911	-1.0	-1.0	-1.0	-1.0	0.275148495735	0.390419127911	-1.0	-1.0	0.202621718902	-1.0	-1.0	-1.0	0.341480415669	0.341480415669	-1.0	-1.0	-1.0
lincRNAsTranscripts_exon	-1.0	-1.0	-1.0	-1.0	-1.0	-1.0	0.337600345981	0.176315986257	-1.0	0.0837826733434	-1.0	-1.0	-1.0	-1.0	-1.0	-1.0	-1.0	-1.0	0.123366391311	-1.0	-1.0	-1.0	-1.0	-1.0	-1.0	-1.0	-1.0	-1.0	0.212436910808	0.0997961571833	-1.0	-1.0	-1.0	-1.0	-1.0	0.153969148067	-1.0	-1.0
agilentCgh1x244k	-1.0	0.23266829706	-1.0	-1.0	0.150508551203	-1.0	0.44542014707	-1.0	0.161193978232	-1.0	-1.0	-0.62129888707	-1.0	-1.0	0.539800377354	-1.0	-1.0	-1.0	-1.0	-1.0	0.280313627781	-1.0	-1.0	-1.0	-1.0	-1.0	-1.0	-1.0	-1.0	0.139700771957	-1.0	0.139700771957	-1.0	-1.0	-1.0	0.212828597846	0.212828597846	-1.0
bacEndPairs	1.0	1.0	1.0	1.0	1.0	1.0	-0.337600345981	1.0	1.0	1.0	1.0	-0.21084791673	1.0	1.0	-0.0894089083323	1.0	1.0	-0.226500260367	1.0	1.0	1.0	1.0	1.0	1.0	1.0	1.0	1.0	1.0	-0.212436910808	1.0	1.0	1.0	1.0	1.0	1.0	1.0	1.0	1.0
orfeomeMrna	0.469865451021	-0.31503398947	-0.413321616346	-0.0340657549741	-0.530886625819	-1.0	-0.496468895021	0.142313469998	-0.375076977302	0.730798227295	-1.0	-0.320563640351	1.0	0.730798227295	-0.292716230654	0.256718391815	1.0	-0.290757586805	0.0835764207035	-1.0	0.177751376087	0.0936429190358	0.177751376087	0.482809463004	-0.457739154797	0.784258383946	-0.823132573203	0.244500680716	0.664571105802	0.53006448595	-0.617153640732	0.53006448595	-1.0	-0.809749375667	0.328111454379	0.301658399295	0.301658399295	0.559871951269
pseudoYale60	-1.0	-1.0	-1.0	0.112438839318	-1.0	-1.0	0.254594941766	-1.0	-1.0	-1.0	-1.0	-1.0	-1.0	-1.0	-1.0	-1.0	-1.0	0.167412989891	-1.0	-1.0	-1.0	0.0722580358191	0.151215230811	-1.0	-1.0	-1.0	-1.0	-1.0	-1.0	-1.0	-1.0	-1.0	-1.0	-1.0	-1.0	-1.0	-1.0	-1.0
geneid	-0.760570992439	1.0	-0.095063103309	-0.641930950771	-0.268334708698	-1.0	0.70904921168	0.828912720522	1.0	1.0	0.781238177148	0.922943101946	-1.0	-0.760570992439	-0.691729252861	1.0	-1.0	-0.354545834797	0.0159875414448	1.0	-0.932030250394	0.562054272592	-0.752475124048	0.144842790574	0.524612689067	-0.138158740342	0.162698860647	0.796680218753	-0.894634870168	0.562054272592	0.181322973054	-0.15140095607	-0.358960700822	-0.0848980516692	0.126876153641	-0.641930950771	-0.641930950771	0.437989279895
evoCpg	-1.0	-1.0	-1.0	0.154265057646	-1.0	-1.0	0.686234828973	0.569844843349	0.413797650483	-1.0	0.390809323051	0.250301710902	-1.0	-1.0	-0.718878072817	-1.0	-1.0	-0.620409953639	0.435946353865	-1.0	1.0	-1.0	1.0	0.0551938033481	-1.0	-1.0	1.0	0.435946353865	-1.0	0.366950680351	0.181112490461	-1.0	-1.0	-1.0	-1.0	0.154265057646	-1.0	0.435946353865
ucscToINSDC	1.0	1.0	1.0	1.0	1.0	1.0	1.0	1.0	1.0	1.0	1.0	1.0	1.0	1.0	1.0	1.0	1.0	1.0	1.0	1.0	1.0	1.0	1.0	1.0	1.0	1.0	1.0	1.0	1.0	1.0	1.0	1.0	1.0	1.0	1.0	1.0	1.0	1.0
snp135	1.0	1.0	1.0	1.0	1.0	1.0	1.0	1.0	1.0	1.0	1.0	1.0	1.0	1.0	1.0	1.0	1.0	1.0	1.0	1.0	1.0	1.0	1.0	1.0	1.0	1.0	1.0	1.0	1.0	1.0	1.0	1.0	1.0	1.0	1.0	1.0	1.0	1.0
hinv70Coding	-0.508895406723	1.0	-0.24916564222	-0.317527522761	-0.554157052796	-0.791422374357	-0.930032197358	0.818064986763	-0.145116775192	-0.299113375067	0.763987981227	-0.897133967246	-0.329596823615	-0.508895406723	-0.151951096043	-0.469623555989	-0.785253546063	-0.0237370181682	0.0467118531043	1.0	0.279871935983	0.1176849674	0.518158418231	0.0698628926258	-0.469623555989	0.604579528717	0.0879392850647	-0.785253546063	-0.36346459753	0.1176849674	0.338620995396	-0.529498370607	1.0	-1.0	0.488551066203	0.209257786908	-1.0	0.573171829145
sibGene_exon	-0.373607365335	-1.0	-1.0	-0.754238468049	1.0	-1.0	0.392890154548	-0.759919804044	-0.706262767422	-1.0	0.425902621408	-0.17668823005	-1.0	-0.373607365335	-0.851508881578	-0.369650660423	-0.145291127797	-0.107018537736	0.26055999582	0.556619730281	0.25953575052	0.0228317031174	1.0	0.0180629972504	-0.369650660423	0.303492386482	0.25953575052	-0.711868874264	-0.409115382855	0.0228317031174	-0.75608648117	0.697830165291	0.651090566909	-0.759919804044	0.557768244088	0.185364030565	1.0	0.480677947185
xenoRefGene	-0.341925918741	0.823957318735	-0.124921543321	-0.0993821685373	-0.0866919051031	1.0	-0.923816689316	0.383249721644	1.0	-0.752531127526	-1.0	-0.757581257919	-1.0	-0.341925918741	-0.00886683623233	-1.0	1.0	-0.00649915301663	0.292679424272	0.397352418134	0.108335600881	-0.77081850446	0.108335600881	0.0928943871224	-0.184395144193	-0.806819337803	0.0434116781558	1.0	-0.256351374112	0.250040806291	0.0775853798755	1.0	1.0	1.0	0.66358314158	0.355583404801	0.355583404801	0.111367987762
agilentCgh1x1m	0.399893101491	-1.0	0.194142569414	1.0	0.132099180894	0.581894063776	-1.0	-1.0	0.511661412897	-1.0	-1.0	-0.807674344354	-1.0	-1.0	1.0	0.368266914481	0.536262853054	0.649954452055	-1.0	-1.0	0.372578531323	-1.0	-0.634033467513	-1.0	-1.0	0.203819546977	0.372578531323	0.536262853054	-0.638911341323	0.458582247643	0.279036871891	0.115279049318	-1.0	-0.620272461627	-0.620272461627	0.24124835933	1.0	-1.0
agilentCgh4x44k	-1.0	-1.0	-1.0	-1.0	-1.0	-1.0	-1.0	-1.0	-1.0	-1.0	-1.0	-1.0	-1.0	-1.0	-1.0	-1.0	-1.0	-1.0	-1.0	-1.0	-1.0	-1.0	-1.0	-1.0	-1.0	-1.0	-1.0	-1.0	-1.0	0.0295005336965	-1.0	-1.0	-1.0	-1.0	-1.0	-1.0	0.0465052081416	-1.0
nestedRepeats	0.652815659563	0.229554795641	0.449091695943	-0.753910798031	-0.70378899784	0.731955131264	0.203033272274	0.125434361855	-0.145477223348	0.652815659563	-0.235586145998	0.904764908966	-1.0	0.181333986276	-0.347466067369	-1.0	0.262533118529	0.183264556034	-1.0	0.559846660919	0.262257574997	0.700211115424	-0.406769476086	-0.561111214608	0.141912791991	0.158713809113	-0.406769476086	-0.145265039636	-0.785065911423	-0.230702112093	0.229554795641	0.405078715001	-0.373992837486	-0.55816146193	-0.55816146193	1.0	-0.753910798031	-1.0
affyExonProbesetFull	-1.0	0.00525632703052	-0.621873668471	-1.0	-1.0	-1.0	-1.0	0.557343636683	-1.0	-1.0	-1.0	0.773742274299	-1.0	-1.0	0.469061819299	0.281528827986	-1.0	-1.0	-1.0	-1.0	-1.0	0.357046388518	0.23851272151	0.589425300278	-1.0	-1.0	-1.0	-1.0	0.0681031643031	0.357046388518	0.54040823492	0.357046388518	0.307606004442	-1.0	-1.0	0.504640962335	0.145977585524	-1.0
illuminaProbes	-1.0	-1.0	0.0194200825066	-1.0	-1.0	-1.0	-1.0	-1.0	-1.0	-1.0	-1.0	0.548573487316	-1.0	-1.0	-1.0	-1.0	-1.0	-1.0	-1.0	-1.0	0.178697676638	-1.0	-1.0	-1.0	-1.0	-1.0	-1.0	-1.0	0.184999228991	-1.0	-1.0	-1.0	-1.0	-1.0	0.153083873049	-1.0	-1.0	-1.0
altSeqHaplotypesP10	-1.0	-1.0	-1.0	-1.0	-1.0	-1.0	0.297295605127	-1.0	-1.0	-1.0	0.0930107010816	0.163287701242	-1.0	-1.0	-1.0	-1.0	-1.0	-1.0	-1.0	-1.0	-1.0	-1.0	-1.0	-1.0	-1.0	-1.0	0.178697676638	-1.0	-1.0	-1.0	-1.0	0.0861221747607	-1.0	-1.0	-1.0	-1.0	-1.0	-1.0
intronEst	-0.299113375067	1.0	-0.24916564222	-0.61758487782	-0.237693559017	1.0	-0.677221546073	0.818064986763	-0.383256036515	1.0	-0.554157052796	-0.897133967246	-0.104411763337	1.0	-0.0212514874119	-1.0	0.573171829145	-0.0639930254968	1.0	0.331300954223	0.518158418231	0.763525859792	0.518158418231	0.177270614579	0.287761881531	0.295793915372	0.0879392850647	-0.414647793647	0.204268929123	0.763525859792	0.338620995396	-0.529498370607	0.73210021637	-0.640930000772	-1.0	0.209257786908	-0.61758487782	0.166932321345
cpgIslandExt	0.106530828254	-1.0	-1.0	0.193653909844	-1.0	-1.0	-1.0	-1.0	-1.0	-1.0	-1.0	0.308383567471	-1.0	-1.0	-1.0	-1.0	-1.0	-1.0	0.155911824443	-1.0	-1.0	0.126583121719	-1.0	-1.0	-1.0	-1.0	-1.0	-1.0	-1.0	-1.0	0.211956258805	-1.0	-1.0	-1.0	-1.0	0.193653909844	-1.0	0.155911824443
gwasCatalog	1.0	1.0	1.0	1.0	1.0	1.0	1.0	1.0	1.0	1.0	1.0	1.0	1.0	1.0	1.0	1.0	1.0	1.0	1.0	1.0	1.0	1.0	1.0	1.0	1.0	1.0	1.0	1.0	1.0	1.0	1.0	1.0	1.0	1.0	1.0	1.0	1.0	1.0
ntMito	1.0	1.0	1.0	1.0	1.0	1.0	1.0	1.0	1.0	1.0	1.0	1.0	1.0	1.0	1.0	1.0	1.0	1.0	1.0	1.0	1.0	1.0	1.0	1.0	1.0	1.0	1.0	1.0	1.0	1.0	1.0	1.0	1.0	1.0	1.0	1.0	1.0	1.0
lincRNAsCTLiver	-1.0	-0.618634113595	-0.395089804302	-0.618111757014	0.485789169872	0.203819546977	-1.0	-1.0	-1.0	0.399893101491	-1.0	-0.807674344354	-1.0	-1.0	1.0	0.368266914481	-1.0	0.0113567429277	0.536262853054	-1.0	-1.0	0.458582247643	0.372578531323	-0.62586539339	0.368266914481	0.203819546977	-0.634033467513	-1.0	0.00831108921741	0.458582247643	-0.618634113595	-1.0	0.399893101491	-1.0	0.297935562577	1.0	1.0	-1.0
lincRNAsCTHeart	-1.0	-0.618634113595	-0.395089804302	-0.618111757014	0.485789169872	0.203819546977	-1.0	-1.0	-1.0	0.399893101491	-1.0	-0.807674344354	-1.0	-1.0	1.0	0.368266914481	-1.0	0.0113567429277	0.536262853054	-1.0	-1.0	0.458582247643	0.372578531323	-0.62586539339	0.368266914481	0.203819546977	-0.634033467513	-1.0	0.00831108921741	0.458582247643	-0.618634113595	-1.0	0.399893101491	-1.0	0.297935562577	1.0	1.0	-1.0
lincRNAsCTLymphNode	-1.0	-0.618634113595	-0.395089804302	-0.618111757014	0.485789169872	0.203819546977	-1.0	-1.0	-1.0	0.399893101491	-1.0	-0.807674344354	-1.0	-1.0	1.0	0.368266914481	-1.0	0.0113567429277	0.536262853054	-1.0	-1.0	0.458582247643	0.372578531323	-0.62586539339	0.368266914481	0.203819546977	-0.634033467513	-1.0	0.00831108921741	0.458582247643	-0.618634113595	-1.0	0.399893101491	-1.0	0.297935562577	1.0	1.0	-1.0
hinv70NonCoding	-1.0	-1.0	-1.0	-1.0	-1.0	-1.0	-1.0	0.242418382231	-1.0	-1.0	0.150508551203	0.356586809131	0.128769396759	-1.0	0.166160629604	-1.0	-1.0	-1.0	0.171758285811	-1.0	-1.0	-1.0	-1.0	-1.0	-1.0	-1.0	-1.0	-1.0	-1.0	-1.0	-1.0	0.139700771957	-1.0	0.242418382231	-1.0	-1.0	-1.0	-1.0
hiSeqDepthTop5Pct	1.0	1.0	1.0	1.0	1.0	1.0	1.0	1.0	1.0	1.0	1.0	1.0	1.0	1.0	1.0	1.0	1.0	1.0	1.0	1.0	1.0	1.0	1.0	1.0	1.0	1.0	1.0	1.0	1.0	1.0	1.0	1.0	1.0	1.0	1.0	1.0	1.0	1.0
jaxQtlPadded	0.445420147071	-0.625842851933	0.694529306716	0.295149667662	0.536009756311	-0.616969269103	-0.508499492601	0.359840773627	0.562856990538	0.445420147071	-1.0	-0.643261982953	0.477388409269	0.445420147071	-0.0416674585542	0.411541430955	0.588182656073	0.678098593159	0.588182656073	-1.0	0.655159732626	0.507551688032	0.655159732626	-1.0	-1.0	0.0669785431589	0.655159732626	0.588182656073	0.662503615951	-1.0	-1.0	-1.0	0.106632985919	0.359840773627	0.359840773627	0.295149667662	-0.619258843966	0.588182656073
pubsMarkerBand	1.0	1.0	1.0	1.0	1.0	1.0	1.0	1.0	1.0	1.0	1.0	1.0	1.0	1.0	1.0	1.0	1.0	1.0	1.0	1.0	1.0	1.0	1.0	1.0	1.0	1.0	1.0	1.0	1.0	1.0	1.0	1.0	1.0	1.0	1.0	1.0	1.0	1.0
hinv70PseudoGene	-1.0	0.168923950237	-1.0	-1.0	0.107712522635	-1.0	0.337600345981	-1.0	-1.0	-1.0	-1.0	-1.0	-1.0	-1.0	-1.0	-1.0	-1.0	-1.0	-1.0	-1.0	-1.0	-1.0	-1.0	-1.0	-1.0	-1.0	0.205323437745	-1.0	0.212436910808	-1.0	0.168923950237	-1.0	-1.0	-1.0	-1.0	0.153969148067	-1.0	-1.0
lincRNAsCTThyroid	-1.0	-0.618634113595	-0.395089804302	-0.618111757014	0.485789169872	0.203819546977	-1.0	-1.0	-1.0	0.399893101491	-1.0	-0.807674344354	-1.0	-1.0	1.0	0.368266914481	-1.0	0.0113567429277	0.536262853054	-1.0	-1.0	0.458582247643	0.372578531323	-0.62586539339	0.368266914481	0.203819546977	-0.634033467513	-1.0	0.00831108921741	0.458582247643	-0.618634113595	-1.0	0.399893101491	-1.0	0.297935562577	1.0	1.0	-1.0
knownGeneOld6_exon	-0.610164698305	-1.0	-1.0	-1.0	0.37437528258	0.681470909757	-0.305307429738	-0.715021627806	-1.0	1.0	-1.0	-0.372504883071	-1.0	-0.610164698305	1.0	-1.0	-0.385084729956	-0.10374757092	0.178775322417	0.407064958475	0.314824441178	0.0038190088849	0.314824441178	0.285627982342	-1.0	-1.0	0.736269872626	-0.385084729956	-0.506831406827	0.0238132568195	-0.712427261294	-1.0	1.0	-0.715021627806	0.47178511483	0.0321028533608	0.423193964523	0.178775322417
snp135Mult	1.0	1.0	1.0	1.0	1.0	1.0	1.0	1.0	1.0	1.0	1.0	1.0	1.0	1.0	1.0	1.0	1.0	1.0	1.0	1.0	1.0	1.0	1.0	1.0	1.0	1.0	1.0	1.0	1.0	1.0	1.0	1.0	1.0	1.0	1.0	1.0	1.0	1.0
snpArrayIllumina550	0.204661621019	-0.268249411144	-0.428997652791	0.171606637358	0.00917428575307	2.43104169247e-06	-0.494300769144	-0.387664013631	2.45254119044e-05	1.0	-0.585457937806	0.96198099967	-0.231044785706	-0.112415798092	0.167682106887	-0.00414526412648	-0.00808782733612	-0.0365450247798	0.435058352007	-0.377167810232	-0.10985278697	-0.00683893757232	0.00878406615392	-0.40822227046	-0.183101775412	-0.339583447768	-0.426999661357	0.000268788190041	0.00028682674342	0.245090919506	-0.507843210214	0.563635482787	-0.756056288295	-0.0282310360918	-1.0	-0.24447649221	-0.486611170241	0.435058352007
sgpGene	-1.0	0.185780101826	0.899323599671	-0.104802337906	-0.167835120756	-0.809181654663	0.764199631476	-0.668123323078	0.421492397403	-1.0	-0.784832800907	-0.43992381933	0.547148448794	-1.0	-0.263197652007	-0.747620281738	0.116427429665	-0.0877543170872	0.00707846696888	-0.680029057467	0.933131482458	0.38553628743	-0.232551773468	0.147936682396	-0.747620281738	0.626844124674	0.933131482458	0.605188488457	-0.906250694293	0.38553628743	0.0760509020535	-0.570715426801	-0.538198813394	-0.0833605845321	0.830427975295	1.0	-0.818576944269	0.2990283367
cytoBand	1.0	1.0	1.0	1.0	1.0	1.0	1.0	1.0	1.0	1.0	1.0	1.0	1.0	1.0	1.0	1.0	1.0	1.0	1.0	1.0	1.0	1.0	1.0	1.0	1.0	1.0	1.0	1.0	1.0	1.0	1.0	1.0	1.0	1.0	1.0	1.0	1.0	1.0
vegaGene	-0.536610399823	1.0	-0.209850821694	-0.489466887043	-0.409534348733	-0.808621802935	-0.21005506901	0.283633086628	-0.0298005960904	-1.0	0.0912441250743	-0.540812614107	1.0	-1.0	-0.932217813457	1.0	-0.797477767455	-0.0038121501927	0.299939086083	0.374379116032	0.323803192844	0.773742810076	-0.953551482873	0.149152487162	0.506835352786	-0.808621802935	0.953551482873	1.0	0.804378512888	0.386256139639	0.0768101895777	0.773742810076	-1.0	-0.930900667113	0.830896376673	0.165064669868	-0.818088881664	0.605875851371
affyU133	-0.755123689971	-1.0	-0.641139993064	-0.0659729701472	-0.583550657492	-0.14679806647	0.898810308098	0.525341378751	-0.4272222394	-0.755123689971	0.781834954992	-0.374893177831	-1.0	-0.346173293258	-0.0297686353163	-1.0	0.795656256499	-0.000189796155924	0.435947869903	0.673370804187	0.0740563807906	1.0	0.0283567724759	0.0641450297738	-0.509753451943	-1.0	0.166107522159	0.795656256499	-0.886216379359	0.24662507342	0.0129636599669	1.0	1.0	-0.666181638657	0.994016620555	0.486760560145	0.244692164057	0.191623620281
hapmapSnpsASW	0.131145174624	-0.196585464396	-0.394699417614	0.0567293374843	0.20404819552	0.0100969137948	-0.0314883083758	-0.082709775648	0.0270755764825	1.0	-0.327015385031	-0.353595818125	-0.00676154319478	-0.274389438778	6.62373230032e-05	-0.00911993040123	-0.544584439213	-0.145492446651	-0.771142180311	1.0	0.00946236496811	-0.183025100137	0.00946236496811	0.228749513822	-0.00911993040123	-0.58308715907	-0.817944369348	0.133610314181	0.0388304173747	-1.0	-0.0697346143951	0.73999877054	1.0	-0.212850743364	0.129118764926	-0.278646768363	-0.793864837123	-0.222246898672
consIndelsHgMmCanFam	0.663588634815	0.760098640129	-0.804860467461	-1.0	0.444253561949	0.328098813872	-0.213978187778	-1.0	-1.0	-1.0	-1.0	0.627523691902	0.688840565611	0.663588634815	0.854333904593	-1.0	-0.487440962755	-0.604080795169	-1.0	-1.0	-0.409574174357	1.0	-1.0	0.250097791506	-0.368278717355	-0.49721333953	-1.0	-0.487440962755	0.601191674197	0.106650713762	-0.556562418518	1.0	-1.0	-1.0	0.766339637186	-1.0	0.204838198163	-0.487440962755
hapmapSnpsGIH	0.131145174624	-0.196585464396	-0.394699417614	0.0567293374843	0.20404819552	0.0100969137948	-0.0314883083758	-0.082709775648	0.0270755764825	0.46515310784	-0.53614325835	-0.665326779585	-0.00676154319478	-0.274389438778	0.000284335454214	-0.00911993040123	-0.222246898672	-0.271059854357	1.0	1.0	0.000810160233801	-0.0828004664736	0.00946236496811	0.473650813003	-0.00911993040123	-0.58308715907	-0.48977074484	0.133610314181	0.113599932283	-1.0	-0.0697346143951	0.73999877054	1.0	-0.212850743364	0.61925540024	-0.278646768363	-0.793864837123	-0.222246898672
hiSeqDepthTop10Pct	1.0	1.0	1.0	1.0	1.0	1.0	1.0	1.0	1.0	1.0	1.0	1.0	1.0	1.0	1.0	1.0	1.0	1.0	1.0	1.0	1.0	1.0	1.0	1.0	1.0	1.0	1.0	1.0	1.0	1.0	1.0	1.0	1.0	1.0	1.0	1.0	1.0	1.0
polyaPredict	-1.0	-1.0	-1.0	-1.0	-1.0	-1.0	-1.0	-1.0	-1.0	-1.0	-1.0	-1.0	-1.0	-1.0	-1.0	-1.0	-1.0	-1.0	-1.0	-1.0	-1.0	0.0295005336965	-1.0	0.0585593875373	-1.0	-1.0	-1.0	-1.0	-1.0	-1.0	-1.0	-1.0	-1.0	-1.0	-1.0	-1.0	-1.0	-1.0
xenoRefGene_exon	-1.0	0.642406066072	-1.0	-1.0	0.588861791889	-1.0	-0.761487378742	-1.0	1.0	0.494589689762	-1.0	-0.666388227662	0.528157041194	-1.0	1.0	-1.0	-0.615787719877	-0.250340790523	0.0691913817366	-1.0	0.685721068452	0.183007172958	0.239776187858	-1.0	-1.0	-1.0	0.685721068452	-0.615787719877	-0.249180214439	0.0384611878711	-1.0	-1.0	0.494589689762	-1.0	0.169983594083	0.122592450028	-1.0	0.257672877647
ucscGenePfam	1.0	0.567796942479	0.81745971437	-1.0	-0.142236171159	-0.338516335824	0.845670864246	0.581206693328	-0.486185057067	-0.698064001372	0.0744844345407	-0.570586914626	0.437552439652	1.0	-0.604312126818	-0.222693200674	0.49805269854	-0.0283259663531	0.74811655354	-0.590432205467	0.0170433376733	0.250741875702	-0.449215336343	0.00659358375038	0.676178707511	-1.0	1.0	0.74811655354	-0.802434519653	-1.0	0.567796942479	0.250741875702	-0.222311720948	-0.781488939747	-0.402034441739	0.765873576126	0.141265597073	0.74811655354
mgcFullMrna	-0.353419957523	0.659927604907	0.967007716148	-0.245956408297	-0.279195895473	-0.807228462854	0.963336268257	0.900105849473	-0.590542393815	-0.758747017664	-0.59095252722	-0.402168833028	-0.557702865717	-0.353419957523	-0.0480895521302	0.740214106621	0.611524202656	-0.0561788911131	0.124556843918	0.188810456508	0.160690301818	0.24274308152	0.160690301818	0.571607519066	-1.0	-0.807228462854	0.862533023882	0.611524202656	-0.335470627695	0.24274308152	0.184562802891	-0.779743668503	-0.758747017664	-0.390881036041	0.900105849473	0.645567377079	0.165165447844	0.124556843918
tfbsConsSites	0.359414178003	0.610120917957	-1.0	-1.0	0.440155768334	-1.0	-0.254592944243	0.246002588476	0.464802998658	0.359414178003	0.440155768334	0.426301739285	-1.0	0.359414178003	0.739243322359	-1.0	-1.0	-0.631480296189	-1.0	-1.0	-0.622403964387	0.414407347692	-1.0	-1.0	-1.0	0.532586059308	-0.622403964387	-1.0	0.328445540868	0.0916397440581	0.610120917957	-1.0	-1.0	1.0	1.0	0.197013532603	0.573060012052	0.488394806022
lincRNAsCTSkeletalMuscle	-1.0	-0.618634113595	-0.395089804302	-0.618111757014	0.485789169872	0.203819546977	-1.0	-1.0	-1.0	0.399893101491	-1.0	-0.807674344354	-1.0	-1.0	1.0	0.368266914481	-1.0	0.0113567429277	0.536262853054	-1.0	-1.0	0.458582247643	0.372578531323	-0.62586539339	0.368266914481	0.203819546977	-0.634033467513	-1.0	0.00831108921741	0.458582247643	-0.618634113595	-1.0	0.399893101491	-1.0	0.297935562577	1.0	1.0	-1.0
snpArrayIllumina650	0.211811641585	-0.381536700694	-0.352017343554	0.24717150492	0.0102623886428	3.80748808718e-06	-0.392152505573	-0.284399344885	3.54353257548e-05	1.0	-0.58016794978	0.833216798828	-0.225648269888	-0.108749543302	0.0861920519262	-0.00385563775703	-0.00723457452062	-0.0233897028033	0.439534759162	-0.374555994993	-0.0741730913639	-0.00624303485057	0.0152451970161	-0.305401581291	-0.178988179616	-0.330840300434	-0.324717731004	0.000337145885203	0.000588273088467	0.251422653644	-0.381536700694	0.251422653644	-0.753471420718	-0.132286228808	-0.831165174567	-0.165638581923	-0.646493098533	0.195250738709
agilentCgh8x60k	-1.0	-1.0	-1.0	-1.0	-1.0	-1.0	-1.0	-1.0	-1.0	-1.0	-1.0	-1.0	-1.0	-1.0	-1.0	-1.0	-1.0	-1.0	-1.0	-1.0	-1.0	-1.0	-1.0	-1.0	-1.0	-1.0	-1.0	-1.0	-1.0	0.0295005336965	-1.0	-1.0	-1.0	-1.0	-1.0	-1.0	0.0465052081416	-1.0
uMassBrainHistonePeaksSample	-1.0	-1.0	-1.0	-1.0	-1.0	-1.0	-1.0	-1.0	-1.0	-1.0	-1.0	0.0151827450403	-1.0	-1.0	-1.0	-1.0	-1.0	-1.0	-1.0	-1.0	-1.0	-1.0	-1.0	-1.0	-1.0	-1.0	-1.0	-1.0	-1.0	-1.0	-1.0	-1.0	-1.0	-1.0	-1.0	-1.0	-1.0	-1.0
pubsMarkerSnp	0.207088779832	0.824926952153	0.000122040736133	0.0312422833053	0.257018646561	0.000178828631892	-0.00412998442579	0.00729332131167	0.0108395524075	-0.334517834861	0.00103643235135	-1.80195760623e-05	-1.0	0.00661217755571	-0.688089765117	-0.0388251700977	-0.187368764559	-7.52749867544e-07	-0.187368764559	1.0	-0.0045048475132	-0.136870683017	0.0243720855727	2.15013342223e-06	-1.0	0.000178828631892	-0.00179785316056	-0.0632103183118	0.430878864763	0.377251456756	-3.59175037515e-06	0.0852842988963	0.00661217755571	-0.0468402637413	7.24522542907e-06	4.81145867472e-05	-0.163131202972	-0.187368764559
agilentCgh2x400k	-1.0	0.397144916956	-1.0	-1.0	0.267794307738	0.335444924585	-1.0	0.41169923281	0.285293563276	-1.0	-1.0	-0.495572581015	-1.0	-1.0	0.161394515524	0.193653909844	-1.0	0.504640962335	-1.0	-1.0	0.46665489377	-1.0	-1.0	-1.0	-1.0	0.335444924585	-1.0	-1.0	-1.0	0.249889664041	-1.0	0.0300629846076	-1.0	-1.0	-1.0	0.36700674431	0.36700674431	-1.0
snp137Mult	-1.0	-1.0	0.00142625786742	-1.0	-1.0	-1.0	-1.0	-1.0	-1.0	-1.0	-1.0	-1.0	-1.0	-1.0	-1.0	-1.0	-1.0	-1.0	-1.0	-1.0	-1.0	-1.0	-1.0	-1.0	-1.0	-1.0	-1.0	-1.0	-1.0	-1.0	-1.0	-1.0	-1.0	-1.0	-1.0	-1.0	-1.0	-1.0
hapmapSnpsCEU	1.0	1.0	-0.446821424163	1.0	1.0	1.0	-0.0485329605481	1.0	1.0	1.0	1.0	0.238132032048	1.0	1.0	0.618656929416	1.0	1.0	1.0	1.0	1.0	1.0	-0.00103271289171	1.0	1.0	-9.23363540179e-06	1.0	1.0	1.0	1.0	-0.202621718902	1.0	1.0	1.0	1.0	1.0	-0.302396110251	1.0	-0.0293938187274
rnaCluster	-0.149561350907	0.80865256736	-0.227677135254	1.0	-0.760569276013	1.0	-0.340828084116	0.809442756885	-0.228242759398	-1.0	-0.760569276013	-0.64960752155	-0.187049341286	-1.0	-0.0372216657267	-0.712843271099	0.258896839083	-0.00598820203202	0.770992665737	0.33013447109	0.382225830327	0.527125295456	0.823624525443	0.107445940369	0.457096892511	0.176336316963	0.0739860387851	-0.571825681091	0.187250199711	0.527125295456	0.465209689225	-0.745476954737	0.735245569099	-0.341612156425	1.0	0.306998742151	-0.795201638632	0.258896839083
hapmapSnpsTSI	0.130290245115	-0.194617651741	-0.293668972951	0.0567896113354	0.205096317949	0.0180183586846	-0.0279257739252	-0.0799050259466	0.0273553241377	0.465156146526	-0.531997346678	-0.804797876418	-0.00636433371487	-0.270596724825	0.00045945451197	-0.0086483173529	-0.380664003407	-0.135663962557	1.0	1.0	0.00949641817078	-0.179336810476	0.00949641817078	0.812198619398	-0.0442400793919	-0.390095898429	-0.816911990344	0.134259207075	0.0388262293536	-1.0	-0.0679565868664	0.740142035459	-0.713493476182	-0.2093482175	0.128526741217	-0.276771529409	-0.791932902755	-0.220162613311
lincRNAsCTKidney	-1.0	-0.618634113595	-0.395089804302	-0.618111757014	0.485789169872	0.203819546977	-1.0	-1.0	-1.0	0.399893101491	-1.0	-0.807674344354	-1.0	-1.0	1.0	0.368266914481	-1.0	0.0113567429277	0.536262853054	-1.0	-1.0	0.458582247643	0.372578531323	-0.62586539339	0.368266914481	0.203819546977	-0.634033467513	-1.0	0.00831108921741	0.458582247643	-0.618634113595	-1.0	0.399893101491	-1.0	0.297935562577	1.0	1.0	-1.0
phastConsElements46wayPrimates	-0.610244211284	-1.0	0.231916596646	-0.245149283311	0.034566002971	-0.243195377951	-0.613199907366	-1.0	0.00915168498138	-1.0	0.136866675385	0.632565156332	-0.614786477994	-1.0	-0.82430001985	-0.609647092387	-0.386282760652	-0.759186050202	0.658140319019	-1.0	-0.0988019012045	0.348156910333	-0.50486409658	-1.0	-0.609647092387	-1.0	-1.0	-0.386282760652	0.748720044747	0.348156910333	0.0525980282158	-1.0	0.0715820632858	0.48161147102	-0.154681052912	0.42973711044	0.42973711044	-0.386282760652
altSeqLiftOverPslP10	-1.0	-1.0	-1.0	-1.0	0.291739039769	-1.0	0.111837472621	-1.0	-1.0	0.23266829706	0.291739039769	0.166195967801	-1.0	-1.0	-0.393494311234	-1.0	-1.0	-1.0	-1.0	-1.0	0.143874612538	0.27254745246	-1.0	-1.0	-1.0	0.363791544351	0.143874612538	-1.0	0.514641648549	-1.0	-1.0	0.27254745246	0.23266829706	-1.0	-1.0	0.397144916956	-1.0	-1.0
rgdQtl	0.227215974241	0.5555614622	-0.630125325665	1.0	-0.250046199936	0.751654476293	0.156480374934	-0.240734284743	0.48504861583	-0.385084988841	-0.467622034398	0.216157610508	-0.096981673204	1.0	-0.8856554509	-0.00894791790806	1.0	-1.0	-0.297113838239	-0.199040163137	-0.788872590762	-0.127168097341	0.288604815388	-0.159259180377	1.0	-0.183961280722	0.600511915978	0.0887316123746	-0.434001993721	0.701738752759	-0.37659597975	0.701738752759	-0.678880403138	0.560681439089	-0.397338483506	-0.543663550264	1.0	0.0887316123746
geneid_exon	-1.0	-1.0	-0.399499841504	1.0	0.5030611703	0.60021089917	-1.0	-1.0	0.529314542435	0.415429196874	0.5030611703	-0.80910528839	0.44619608125	-1.0	0.544021458956	-1.0	-1.0	-0.39374725313	0.180746470587	-1.0	-1.0	0.475380227532	-1.0	0.123620920334	-1.0	-1.0	-1.0	-1.0	-1.0	0.0207097580607	-1.0	-1.0	-1.0	-0.622806466849	0.0233093863705	0.259169792343	1.0	0.554212261853
hiSeqDepthTopPt5Pct	1.0	1.0	1.0	1.0	1.0	1.0	1.0	1.0	1.0	1.0	1.0	1.0	1.0	1.0	1.0	1.0	1.0	1.0	1.0	1.0	1.0	1.0	1.0	1.0	1.0	1.0	1.0	1.0	1.0	1.0	1.0	1.0	1.0	1.0	1.0	1.0	1.0	1.0
snp135Flagged	1.0	1.0	1.0	1.0	1.0	1.0	1.0	1.0	1.0	1.0	1.0	1.0	1.0	1.0	1.0	1.0	1.0	1.0	1.0	1.0	1.0	1.0	1.0	1.0	1.0	1.0	1.0	1.0	1.0	1.0	1.0	1.0	1.0	1.0	1.0	1.0	1.0	1.0
hapmapSnpsYRI	1.0	1.0	-0.0214966098554	-0.504640962335	1.0	1.0	-0.225064936197	1.0	1.0	1.0	1.0	1.0	1.0	1.0	0.716512645599	1.0	1.0	1.0	1.0	1.0	1.0	-0.00736459157059	1.0	1.0	-4.77193748438e-06	1.0	1.0	1.0	-1.0	-0.357046388518	1.0	-0.357046388518	1.0	1.0	1.0	-0.145977585524	1.0	-0.0141588274608
lincRNAsCTForeskin_R	-1.0	-0.618634113595	-0.395089804302	-0.618111757014	0.485789169872	0.203819546977	-1.0	-1.0	-1.0	0.399893101491	-1.0	-0.807674344354	-1.0	-1.0	1.0	0.368266914481	-1.0	0.0113567429277	0.536262853054	-1.0	-1.0	0.458582247643	0.372578531323	-0.62586539339	0.368266914481	0.203819546977	-0.634033467513	-1.0	0.00831108921741	0.458582247643	-0.618634113595	-1.0	0.399893101491	-1.0	0.297935562577	1.0	1.0	-1.0
ntOoaHaplo	1.0	1.0	1.0	1.0	1.0	1.0	1.0	1.0	1.0	1.0	1.0	1.0	1.0	1.0	1.0	1.0	1.0	1.0	1.0	1.0	1.0	1.0	1.0	1.0	1.0	1.0	1.0	1.0	1.0	1.0	1.0	1.0	1.0	1.0	1.0	1.0	1.0	1.0
targetScanS	1.0	1.0	1.0	1.0	1.0	1.0	1.0	1.0	1.0	1.0	1.0	1.0	1.0	1.0	1.0	1.0	1.0	1.0	1.0	1.0	1.0	1.0	1.0	1.0	1.0	1.0	1.0	1.0	1.0	1.0	1.0	1.0	1.0	1.0	1.0	1.0	1.0	1.0
nscanGene	-0.332025825773	0.270000305797	-0.0307409777295	-0.157658582923	-0.399268103927	-0.625444800681	-0.839516040964	0.826678704127	0.419352099861	-0.332025825773	-0.779274850563	-0.581899554659	-0.76637840157	0.538711009307	-0.0306833190643	-1.0	0.606847545241	-0.0306717063057	0.115700016772	0.653670880603	0.317181104091	0.377538440628	0.159422518832	0.293939861679	0.321868511401	-0.625444800681	0.549652813199	1.0	0.861169716337	0.377538440628	0.119716661574	0.769954541471	1.0	-0.513173313105	0.271356651611	0.815887351619	-1.0	0.115700016772
lincRNAsCThLF_r2	-1.0	-0.618634113595	-0.395089804302	-0.618111757014	0.485789169872	0.203819546977	-1.0	-1.0	-1.0	0.399893101491	-1.0	-0.807674344354	-1.0	-1.0	1.0	0.368266914481	-1.0	0.0113567429277	0.536262853054	-1.0	-1.0	0.458582247643	0.372578531323	-0.62586539339	0.368266914481	0.203819546977	-0.634033467513	-1.0	0.00831108921741	0.458582247643	-0.618634113595	-1.0	0.399893101491	-1.0	0.297935562577	1.0	1.0	-1.0
ensGene	-0.303248624558	0.817504399958	-0.299197210852	-0.328093919834	-0.563993650307	-0.794288215119	-0.542369595459	0.817365267352	-0.154011299748	-0.733616626014	0.764771425611	-0.697750768957	-0.339905559944	1.0	-0.0153239171783	0.726627117302	0.410462683209	-0.000777513870048	0.410462683209	0.184300082701	0.201237703735	0.761272488041	0.397141134194	0.122673145756	0.726627117302	0.111034078028	0.0300770579526	-1.0	-0.535279595254	0.356808668124	0.242536390851	-1.0	-0.733616626014	-1.0	-1.0	0.210348456381	1.0	0.410462683209
eioJcviNASPos	-1.0	0.23266829706	-1.0	-1.0	-1.0	0.192528419364	-1.0	-1.0	-1.0	-1.0	0.150508551203	-1.0	-1.0	-1.0	-1.0	-1.0	0.171758285811	0.307606004442	-1.0	-1.0	-1.0	0.139700771957	-1.0	-1.0	-1.0	-1.0	0.280313627781	-1.0	-1.0	-1.0	0.0255479145183	-1.0	-1.0	-1.0	-1.0	-1.0	-1.0	-1.0
lincRNAsTranscripts	-1.0	-0.618634113595	-0.395089804302	-0.618111757014	0.485789169872	0.203819546977	-1.0	-1.0	-1.0	0.399893101491	-1.0	-0.807674344354	-1.0	-1.0	1.0	0.368266914481	-1.0	0.0113567429277	0.536262853054	-1.0	-1.0	0.458582247643	0.372578531323	-0.62586539339	0.368266914481	0.203819546977	-0.634033467513	-1.0	0.00831108921741	0.458582247643	-0.618634113595	-1.0	0.399893101491	-1.0	0.297935562577	1.0	1.0	-1.0
microsat	1.0	1.0	1.0	1.0	1.0	1.0	1.0	1.0	1.0	1.0	1.0	1.0	1.0	1.0	1.0	1.0	1.0	1.0	1.0	1.0	1.0	1.0	1.0	1.0	1.0	1.0	1.0	1.0	1.0	1.0	1.0	1.0	1.0	1.0	1.0	1.0	1.0	1.0
affyExonProbesetFree	1.0	1.0	1.0	1.0	1.0	1.0	1.0	1.0	1.0	1.0	1.0	1.0	1.0	1.0	1.0	1.0	1.0	1.0	1.0	1.0	1.0	1.0	1.0	1.0	1.0	1.0	1.0	1.0	1.0	1.0	1.0	1.0	1.0	1.0	1.0	1.0	1.0	1.0
snpArrayIlluminaHuman660W_Quad	0.0549934441423	-0.191779254831	-0.389366912196	0.245118776186	0.00965089828612	3.04690101911e-06	-0.641455465199	-0.136101658656	2.95155945636e-05	1.0	-0.268548389451	-0.932506239046	-0.227952481789	-0.110313070167	0.200848061517	-0.00397863314632	-0.00759623925041	-0.0125957084165	0.43675769077	-0.375670525698	-0.425528931218	-0.00649588397138	0.00954035320357	-0.407324875827	-0.180743550622	-0.630700053501	-0.703733459952	1.38656382522e-05	0.00155698362838	0.247822492436	-0.386100778019	1.0	1.0	-0.0174947915033	-0.832850846162	-0.3618217707	-0.649368897002	0.19245365609
vegaPseudoGene_exon	-1.0	-1.0	-1.0	0.090956467276	-1.0	-1.0	-1.0	-1.0	-1.0	-1.0	-1.0	0.411114756347	-1.0	-1.0	-1.0	-1.0	-1.0	-1.0	-1.0	-1.0	-1.0	-1.0	0.122849672972	-1.0	-1.0	0.0816864810746	-1.0	-1.0	-1.0	-1.0	-1.0	-1.0	-1.0	-1.0	-1.0	-1.0	-1.0	-1.0
transMapAlnSplicedEst	0.508239236597	-0.820641953879	-0.589476835692	-0.629936661589	-0.560727564081	-0.320309208332	-0.334458654635	0.823262814781	-0.0999936934317	-0.341719077036	-1.0	-0.870284610132	0.754674144496	-0.341719077036	-0.0113898043989	-0.728621810585	1.0	-0.0430614290011	0.279045346408	0.166429797548	0.680759049961	0.229349739363	0.409266743931	0.135420486621	-0.294231325618	0.443364258331	0.213668600376	0.279045346408	-0.730694733831	1.0	0.164290295628	0.553057538028	-0.751087053156	0.823262814781	-0.654464179253	0.0884685562927	0.473093943007	0.591245848605
transMapAlnRefSeq	-0.356442660798	1.0	-0.82184338443	-0.0589957326157	-0.266532002351	-1.0	0.973474091106	0.516650954214	-0.420701072703	-0.356442660798	-1.0	0.948275929149	-1.0	-0.356442660798	-0.0041683375963	-0.524203161563	0.797218112394	-0.0121225325719	0.194058085181	1.0	0.553324761266	1.0	0.163963822627	0.0598559136376	-0.524203161563	-1.0	0.163963822627	0.797218112394	-0.180341188754	0.562479459331	0.0730625114004	1.0	1.0	0.829114614278	-1.0	0.109111501185	0.641792971212	0.0658804633777
lincRNAsCTBrain	-1.0	-0.618634113595	-0.395089804302	-0.618111757014	0.485789169872	0.203819546977	-1.0	-1.0	-1.0	0.399893101491	-1.0	-0.807674344354	-1.0	-1.0	1.0	0.368266914481	-1.0	0.0113567429277	0.536262853054	-1.0	-1.0	0.458582247643	0.372578531323	-0.62586539339	0.368266914481	0.203819546977	-0.634033467513	-1.0	0.00831108921741	0.458582247643	-0.618634113595	-1.0	0.399893101491	-1.0	0.297935562577	1.0	1.0	-1.0
phastConsElements100way	-0.61248560965	0.496347112578	0.373910506224	-0.711409640261	0.00912909027573	-0.241584043506	-0.0502887388279	0.290513129716	0.660349923615	-1.0	-1.0	0.868515152965	-1.0	-1.0	-0.388995989708	-0.608070888748	-0.394093107709	-1.0	0.223214778143	-1.0	-1.0	-1.0	1.0	-1.0	-0.608070888748	-0.241584043506	-1.0	-0.394093107709	0.52678966346	0.631945228898	-1.0	-1.0	0.303344916226	0.72554388841	-0.498137395951	-1.0	-0.711409640261	-0.394093107709
lincRNAsCTBrain_R	-1.0	-0.618634113595	-0.395089804302	-0.618111757014	0.485789169872	0.203819546977	-1.0	-1.0	-1.0	0.399893101491	-1.0	-0.807674344354	-1.0	-1.0	1.0	0.368266914481	-1.0	0.0113567429277	0.536262853054	-1.0	-1.0	0.458582247643	0.372578531323	-0.62586539339	0.368266914481	0.203819546977	-0.634033467513	-1.0	0.00831108921741	0.458582247643	-0.618634113595	-1.0	0.399893101491	-1.0	0.297935562577	1.0	1.0	-1.0
agilentCgh4x180k	-1.0	-1.0	-1.0	-1.0	-1.0	-1.0	-1.0	-1.0	0.0998559033376	-1.0	-1.0	-1.0	-1.0	-1.0	-1.0	-1.0	-1.0	-1.0	-1.0	-1.0	0.178697676638	-1.0	-1.0	-1.0	-1.0	-1.0	-1.0	-1.0	-1.0	0.0861221747607	-1.0	0.0861221747607	-1.0	-1.0	-1.0	0.133439663792	0.133439663792	-1.0
hapmapSnpsMKK	0.0703999180163	-0.129152052879	-0.35079911213	0.0340657549741	0.202407895377	0.0535329542429	-0.0314992245353	-0.142313469998	0.128975080101	-0.469865451022	-0.754073419639	-0.829444151259	-0.0017222507037	-0.469865451022	0.000103509129454	-0.0133198366241	-0.0332013647176	-0.391030507622	-1.0	1.0	0.00548528879595	-0.319819884907	0.0239571560368	0.642653351149	-0.0133198366241	-0.784258383946	-0.653119817014	0.134832496632	0.0758195592287	1.0	-0.129152052879	0.742152847778	1.0	-0.328111454379	0.0835130534861	-0.301658399295	-0.604753732381	-0.244500680716
numtSMitochondrion	1.0	1.0	1.0	1.0	1.0	1.0	1.0	1.0	1.0	1.0	1.0	1.0	1.0	1.0	1.0	1.0	1.0	1.0	1.0	1.0	1.0	1.0	1.0	1.0	1.0	1.0	1.0	1.0	1.0	1.0	1.0	1.0	1.0	1.0	1.0	1.0	1.0	1.0
snpArrayIlluminaHumanCytoSNP_12	-0.224792293497	-0.0354788197739	-0.336063266277	0.757368774611	0.0576281363424	0.514717477525	-0.315424768404	1.0	0.0775118788875	0.68683001146	0.256437162641	0.238819230637	-0.699976871882	0.68683001146	0.970599951775	-0.371775877527	0.73269761035	-0.803712754429	-0.489028663688	1.0	0.190169621796	-1.0	0.190169621796	0.589041623855	-1.0	-0.750859419265	-0.28969580869	0.15665500625	0.296138086061	-0.238296526822	0.235565612595	0.446091717188	-0.224792293497	-0.401193375521	-0.401193375521	0.351455647318	-0.553751758512	-0.489028663688
snp138	1.0	1.0	1.0	1.0	1.0	1.0	1.0	1.0	1.0	1.0	1.0	1.0	1.0	1.0	1.0	1.0	1.0	1.0	1.0	1.0	1.0	1.0	1.0	1.0	1.0	1.0	1.0	1.0	1.0	1.0	1.0	1.0	1.0	1.0	1.0	1.0	1.0	1.0
rmsk	0.0236830512346	-1.0	0.410467446673	-0.42966287254	-0.201791447976	-0.580509323815	0.389878012296	1.0	-1.0	-1.0	-0.201791447976	-0.925180064041	0.490312532614	0.138024951149	-0.20291971159	0.703511501781	0.23746968651	0.0908843852601	-0.770426547859	-0.334181121632	1.0	0.522471765382	-0.502411074713	-0.352035796271	0.250614630349	0.054707903966	1.0	-0.376728334214	0.659183245082	-0.741039436858	0.453815583604	-1.0	-0.467817370219	-0.223260803699	-0.810713756104	0.599628039841	1.0	-0.770426547859
coriellDelDup	-0.704362232216	0.189390581433	-0.14331275222	-0.407299682963	-1.0	0.140936915656	-0.490697774648	0.131008906103	0.748171159403	-0.704362232216	0.317982099874	-0.255554162965	-0.287789844533	-0.0559630797115	0.461187387523	1.0	1.0	0.04081906143	1.0	0.594701118222	-0.346041912738	0.743259097846	-1.0	-0.806887980001	0.692729006231	0.385956774409	-0.637293273242	0.540111059364	-0.649232171878	-1.0	-0.598727455413	0.314486610776	1.0	-0.611436671195	0.440474570242	-0.407299682963	-0.0043045559832	0.540111059364
gold	1.0	1.0	1.0	1.0	1.0	1.0	1.0	1.0	1.0	1.0	1.0	1.0	1.0	1.0	1.0	1.0	1.0	1.0	1.0	1.0	1.0	1.0	1.0	1.0	1.0	1.0	1.0	1.0	1.0	1.0	1.0	1.0	1.0	1.0	1.0	1.0	1.0	1.0
hgdpGeo	0.20938075816	-0.384089848802	-0.374151385995	0.24577112472	0.00987907322765	3.33213680416e-06	-0.421376533658	-0.287092697503	3.17636200975e-05	1.0	-0.581433287531	0.93925373497	-0.226935955723	-0.109622957024	0.0757188090233	-0.0039242499724	-0.00743620056366	-0.0356391717328	0.437740005455	-0.375178717436	-0.0760398970599	-0.00638404599608	0.0440685637495	-0.308359155313	-0.179968957264	-0.332931600607	-0.327930157397	0.000313064834218	0.000574054627337	0.249158907531	-0.384089848802	0.249158907531	-0.754089206272	-0.0528233486393	-0.832108720931	-0.167658064511	-0.648102152855	0.193448985346
fosEndPairs	1.0	-0.380682034324	-0.0282373984535	1.0	1.0	-0.320829871181	-0.273362289606	-0.394846867084	1.0	1.0	1.0	-0.263492605323	1.0	1.0	1.0	1.0	1.0	-0.485763942504	-0.288894099482	1.0	-0.448504405862	1.0	1.0	1.0	1.0	-0.320829871181	1.0	1.0	1.0	1.0	-0.380682034324	1.0	1.0	1.0	1.0	1.0	1.0	1.0
polyaDb	-1.0	-1.0	-1.0	-1.0	-1.0	-1.0	-1.0	-1.0	-1.0	-1.0	-1.0	-1.0	-1.0	-1.0	-1.0	-1.0	-1.0	-1.0	-1.0	-1.0	-1.0	-1.0	-1.0	-1.0	-1.0	0.0210396039604	-1.0	-1.0	-1.0	-1.0	-1.0	-1.0	-1.0	-1.0	-1.0	-1.0	-1.0	-1.0
sgpGene_exon	-1.0	-1.0	-0.250223886068	-1.0	0.536009756311	1.0	-1.0	-1.0	0.562856990538	0.445420147071	-1.0	-1.0	0.477388409269	-1.0	0.769277127513	-1.0	-1.0	-1.0	0.0485329605482	-1.0	-1.0	0.145592342884	-1.0	0.641711481358	-1.0	-0.616969269103	-1.0	-1.0	-1.0	0.0264634360697	-1.0	0.507551688032	0.445420147071	-0.630438598352	0.359840773627	0.0881695761267	-1.0	0.588182656073
hapmapAllelesChimp	-0.351029546826	1.0	-0.136979812701	1.0	1.0	1.0	-0.43508111575	-0.616561106097	1.0	1.0	1.0	0.78908446335	-0.378679917011	1.0	0.50490538244	1.0	1.0	1.0	-0.478284031438	1.0	0.620949178975	-0.0115579379626	0.620949178975	0.618660353408	-0.000284896753282	1.0	-0.299785078355	-0.478284031438	1.0	-0.40518541616	1.0	-0.40518541616	1.0	1.0	-0.235668287187	-0.188315858929	1.0	-0.128185157798
gap	1.0	1.0	1.0	1.0	1.0	1.0	1.0	1.0	1.0	1.0	1.0	1.0	1.0	1.0	1.0	1.0	1.0	1.0	1.0	1.0	1.0	1.0	1.0	1.0	1.0	1.0	1.0	1.0	1.0	1.0	1.0	1.0	1.0	1.0	1.0	1.0	1.0	1.0
hapmapSnpsMEX	1.0	-0.218521094609	-0.341931812912	0.0341933864254	0.530948398246	0.00950638489741	-0.0297426339893	-0.0502616244531	0.0269667654332	0.469301437244	-0.345645579555	0.997131140272	-0.0101233571522	-0.304024069815	1.39911154039e-05	-0.0130008730258	-0.242671634388	-0.0126263466974	-1.0	1.0	0.000428377212657	-0.0927207219379	0.00548497758557	0.350877428283	-0.00183390887492	-0.783534725962	-0.652210324097	0.376756768354	0.0243282886436	1.0	-0.0412825444129	0.741839187557	-0.304024069815	-0.326773295179	0.0833671192822	-0.121875655039	1.0	-0.242671634388
transMapAlnUcscGenes	1.0	0.660746843051	-0.478861016756	-0.0349987016657	-0.57593889685	-0.468048700908	0.841508077905	0.520925805671	-0.416504792512	-0.347468565237	0.783708695653	-0.946460563957	-1.0	-0.75512532869	-0.0263483575335	-0.515577336789	-1.0	-0.0212144369401	0.200079070878	1.0	0.423022930586	1.0	0.228123441296	0.021931046555	-0.190604917879	-0.468048700908	0.68921858538	0.800119943569	-0.292016750757	0.565382360437	0.0245099029355	1.0	0.526066616107	-1.0	-1.0	0.16042150083	0.352126527979	0.200079070878
lincRNAsCTAdipose	-1.0	-0.618634113595	-0.395089804302	-0.618111757014	0.485789169872	0.203819546977	-1.0	-1.0	-1.0	0.399893101491	-1.0	-0.807674344354	-1.0	-1.0	1.0	0.368266914481	-1.0	0.0113567429277	0.536262853054	-1.0	-1.0	0.458582247643	0.372578531323	-0.62586539339	0.368266914481	0.203819546977	-0.634033467513	-1.0	0.00831108921741	0.458582247643	-0.618634113595	-1.0	0.399893101491	-1.0	0.297935562577	1.0	1.0	-1.0
lincRNAsCTPlacenta_R	-1.0	-0.618634113595	-0.395089804302	-0.618111757014	0.485789169872	0.203819546977	-1.0	-1.0	-1.0	0.399893101491	-1.0	-0.807674344354	-1.0	-1.0	1.0	0.368266914481	-1.0	0.0113567429277	0.536262853054	-1.0	-1.0	0.458582247643	0.372578531323	-0.62586539339	0.368266914481	0.203819546977	-0.634033467513	-1.0	0.00831108921741	0.458582247643	-0.618634113595	-1.0	0.399893101491	-1.0	0.297935562577	1.0	1.0	-1.0
wgRna	-1.0	-1.0	-1.0	-1.0	-1.0	-1.0	-1.0	-1.0	-1.0	-1.0	-1.0	-1.0	-1.0	-1.0	0.0742574257426	-1.0	-1.0	-1.0	-1.0	-1.0	-1.0	-1.0	-1.0	-1.0	-1.0	-1.0	-1.0	-1.0	-1.0	-1.0	-1.0	-1.0	-1.0	-1.0	-1.0	-1.0	-1.0	-1.0
knownGeneOld6	-0.520832291904	1.0	-0.564980667236	-0.0962611326737	1.0	-0.80684296233	-0.818071370399	0.658176273707	-0.413666201944	-0.520832291904	1.0	-0.678974943657	-0.757440347925	-0.196862347075	-0.00179039964748	-0.739996605249	0.79271520049	-0.00324882111007	0.182571067727	0.65401526259	0.105942054424	0.38735579571	0.305691820358	0.0314782203057	-0.318424186833	0.220339127617	0.105942054424	0.79271520049	-0.404293850694	0.142824105285	0.0707517775925	-1.0	-1.0	-0.512600921902	0.658176273707	0.0538280670532	1.0	0.182571067727
agilentCghSnp2x400k	0.333963326099	-1.0	0.119502487813	-1.0	0.0903044401842	-1.0	-0.249961587287	-1.0	0.00153972623267	-1.0	-1.0	-0.786980331361	-1.0	-1.0	0.725496483725	0.0459914721458	-1.0	-1.0	0.457500547249	-1.0	-1.0	0.386340961345	0.0789659872178	1.0	0.306175616105	-1.0	-1.0	0.457500547249	-0.62011309229	0.386340961345	-1.0	0.386340961345	-1.0	-1.0	-1.0	0.540054270045	-1.0	-1.0
affyExonProbesetCore	-1.0	0.328594203024	0.688939549977	-0.618536691204	0.160271980953	1.0	-0.506782418969	-1.0	-1.0	0.438055208785	-1.0	-0.641445428448	0.469743824831	-1.0	0.568963586652	-1.0	-1.0	-0.399499141025	0.201351381192	-1.0	0.171661635269	0.140412825196	-1.0	0.390984951164	-1.0	-0.617270236152	-1.0	-1.0	-1.0	0.140412825196	-1.0	-1.0	0.438055208785	-0.628240632673	0.349608864434	0.0836579457365	0.286150533247	0.201351381192
snp138Mult	-1.0	-1.0	0.00142625786742	-1.0	-1.0	-1.0	-1.0	-1.0	-1.0	-1.0	-1.0	-1.0	-1.0	-1.0	-1.0	-1.0	-1.0	-1.0	-1.0	-1.0	-1.0	-1.0	-1.0	-1.0	-1.0	-1.0	-1.0	-1.0	-1.0	-1.0	-1.0	-1.0	-1.0	-1.0	-1.0	-1.0	-1.0	-1.0
fishClones	0.350625141254	-0.6594650486	-0.942144052076	-0.351189127517	-0.405956274896	0.810511574719	-0.24232677792	-0.128900755956	-1.0	-1.0	-0.405956274896	-0.883161828121	0.229176202367	0.350625141254	0.177571028961	-0.738388383083	1.0	-0.61702566253	1.0	-1.0	-0.99603601935	0.385846818263	-0.99603601935	0.708476954776	1.0	0.471449929604	-0.688956194875	8.36728546885e-05	-0.166825065057	0.385846818263	-0.376841190554	-1.0	0.350625141254	-0.830036060166	0.028223360613	-0.351189127517	0.818101474092	-0.798892315635
snp137	1.0	1.0	1.0	1.0	1.0	1.0	1.0	1.0	1.0	1.0	1.0	1.0	1.0	1.0	1.0	1.0	1.0	1.0	1.0	1.0	1.0	1.0	1.0	1.0	1.0	1.0	1.0	1.0	1.0	1.0	1.0	1.0	1.0	1.0	1.0	1.0	1.0	1.0
evofold	1.0	1.0	1.0	1.0	1.0	1.0	1.0	1.0	1.0	1.0	1.0	1.0	1.0	1.0	1.0	1.0	1.0	1.0	1.0	1.0	1.0	1.0	1.0	1.0	1.0	1.0	1.0	1.0	1.0	1.0	1.0	1.0	1.0	1.0	1.0	1.0	1.0	1.0
recombRate	1.0	1.0	1.0	1.0	-0.0160891089109	1.0	1.0	1.0	1.0	1.0	1.0	1.0	1.0	1.0	1.0	1.0	1.0	1.0	1.0	1.0	1.0	1.0	1.0	1.0	1.0	1.0	1.0	1.0	1.0	1.0	1.0	1.0	1.0	1.0	1.0	1.0	1.0	1.0
knownGene	-0.518382618037	1.0	-0.535334756475	-0.233284836882	-1.0	-0.805181617402	-0.776561934141	0.658371807752	-0.410567539766	-0.518382618037	-1.0	-0.782233423259	-0.756557721148	-0.193856921425	-0.00142200836023	-0.738095671626	0.793487119524	-0.0126194259198	0.183790662747	0.654439887578	0.149720290852	0.390140601867	0.305438211501	0.0317718204939	-0.314497666161	0.312974749335	0.149720290852	0.793487119524	-0.381099746317	0.14481788404	0.0721574411845	-0.774579169645	-1.0	-0.509341715812	0.658371807752	0.0540597983023	1.0	0.183790662747
numtSAssembled	1.0	1.0	1.0	1.0	1.0	1.0	1.0	1.0	1.0	1.0	1.0	1.0	1.0	1.0	1.0	1.0	1.0	1.0	1.0	1.0	1.0	1.0	1.0	1.0	1.0	1.0	1.0	1.0	1.0	1.0	1.0	1.0	1.0	1.0	1.0	1.0	1.0	1.0
laminB1Lads	0.255047990387	0.296636758307	0.159837496545	0.412098246385	0.514892142732	-0.386045948597	0.925731642312	0.197465756959	0.749516632167	0.706369280882	0.0161364916279	-0.0820259805114	-0.472920185065	-0.46711462086	-0.882737686845	0.0365930846346	-1.0	0.370145143668	-0.540202130205	-1.0	0.352478934362	0.164457150706	-0.236023287737	-0.088159559874	0.443732915449	0.0875907588312	-0.814190366704	-0.0284512818413	-0.64929025736	-0.313098451363	1.0	1.0	-0.46711462086	-0.798463767874	0.616294380878	-0.272097084973	0.784586932145	-1.0
snpArrayAffy5	-0.700950456485	0.794783134025	-0.512038704261	0.589045681596	1.0	-0.140156949376	-0.277214466099	-0.439738350718	-0.326536368502	-0.128357302756	-0.317360304597	0.179963913312	-1.0	-1.0	0.182552453668	-0.219674096401	0.344590871268	-0.363870347995	-0.541422418956	-1.0	0.0545541305112	0.315507446289	-0.814857934672	1.91419244762e-05	-0.219674096401	-0.387750014031	0.0241028635131	-1.0	-0.480953852203	0.315507446289	-0.0603377991033	-0.481645242747	-1.0	-0.798068689947	0.0637263681452	0.399641510041	-0.779745906563	-0.541422418956
