Bone_mineral_density	Red_blood_cell_traits	Vitiligo	HDL_cholesterol	Platelet_counts	Primary_biliary_cirrhosis	Type_1_diabetes	Renal_function_related_traits_BUN	Alopecia_areata	Ankylosing_spondylitis	Multiple_sclerosis	Rheumatoid_arthritis	Kawasaki_disease	Liver_enzyme_levels_gamma_glutamyl_transferase	C_reactive_protein	LDL_cholesterol	Ulcerative_colitis	Restless_legs_syndrome	Urate_levels	Celiac_disease	Crohns_disease	Behcets_disease	Systemic_lupus_erythematosus	Atopic_dermatitis	Triglycerides	Psoriasis	Primary_sclerosing_cholangitis	Migraine	Allergy	Chronic_kidney_disease	Fasting_glucose_related_traits	Autoimmune_thyroiditis	Alzheimers_combined	Type_2_diabetes	Systemic_sclerosis	Asthma	Creatinine_levels	Progressive_supranuclear_palsy	Juvenile_idiopathic_arthritis
E029-H3K9me3	1.19763099176306	1	1	1	1	0.806362745661127	1	1.1913982906714	1	1	1	1	1	1	1	1	1	1	1	0.946875336031793	1	1	0.832493201674804	1	1	1.40855546089778	1	1	1	1	1	1	1.61714977968012	1	1	1	2.25678342135044	1	1
E051-H3K4me3	0.719892939150808	1.1315272013176	1	0.760214221213115	1.15648092491307	1.06485797358235	0.949460860220598	1	1	1.21203900477599	1.20898985500663	1	1	1	1	1	1.54144843458855	1	1	1.02978678125117	1.04251849429361	1	1.39901848445109	1	0.728829525528489	1	1.29766441251818	1	1	1	0.771596514598898	1	1	0.702017090494454	1	0.509905392013207	1	1	1
E050-H3K4me3	0.821364299154191	1	1	0.952916614434655	1	1	1	1	1	1.47700668306211	1.08060232056184	1.08830590137925	1	0.942716896411795	1	1	1.32062536262694	1	1	1	1.13789845929789	1	1.31748449228177	1	1	1	1.123291181123	1	1	0.719070018272507	1	1	0.985216235838687	0.66870858327616	1	0.842712794615502	1	0.751611071823194	1
E032-H3K27ac	0.554246477403037	1	1.19209448286714	0.802036194313086	1	1.43593415204613	1	1	1	1	1.55967526069681	1	1	0.97196041443424	1	0.770649365929324	1	1	0.73234516174155	1.57675965981125	1	1	2.39326949092286	1	0.785502458090125	1.16342482580061	1	1.06657397315458	1.06940975833827	0.546467944870723	1	2.09990970573889	0.690985510708974	0.88821935861651	1	0.784750712344377	0.685667122640902	1	1
E046-H3K27ac	0.477334622970044	0.955352837721213	1	0.571062356680875	1	1.79047174777093	1	1	1	1.16391690673712	1.71377307112793	1.25692979036426	1	0.838364392800992	1	0.464754604068655	1	0.461454174593345	0.521368262362584	1.92573817380534	1.01511636617553	1.04396704828019	1.83578318173194	1	0.524631772891684	1	1	1	1.1790064183343	0.901871575222273	0.462448610831805	1.76193995086897	0.381635569120399	0.802326727101369	1.8622073446599	1	0.451172453250916	0.9823957000172	1
E048-H3K27me3	1.50637831862897	1	0.376017583368027	1	1	0.561378999189468	1	1	1	0.617590872318387	1	1	1	1	1.19292642528514	1	1.02218956397566	1	1.07144221092698	0.889097054063712	0.861214666619551	1	1	1	1	0.739378943162404	1	1	0.972106452831795	1.06710629470477	1	1	1	1.19971984655665	0.797951992493316	1	2.42668596177936	1	0.875791992167928
E041-H3K9me3	1	1	1	1	0.596840528398776	0.832957027922582	0.655344108529094	1.43399823316227	1	1	1	1	1	1	1	0.702111835184309	1	2.57771583598899	0.789906562527752	1	1	0.55257523492699	1	1	1	1.31627184912422	1	1	1.33369105361388	1	1	1	1.80705621217408	1	1	1	1	1	1
E046-H3K9me3	1.02487669203675	1	1	1	1	1	1	1	1	1	1	1	1	1	1	1	1	1	1	0.688697102063065	1	0.876161663919444	0.817243127646176	1.00371976423136	1	1.14170252046059	1	1	1	1	1	1	1.63209642795563	1.14455714899223	1	1	1.43173904127064	1	1
E123-H3K79me2	1	1.49504729434553	0.817794342549507	1	1.42745782394386	1.01644247632595	0.788182934628391	1	1	1	0.952834889307234	0.694133274620928	1	1	1	1	0.936287805827057	0.622685115757803	0.70609550193983	1	1	0.427459153969558	1.24088719860186	1	1.27738728572132	1.1720707456149	1	1	1.2422211012943	1	1	0.595536491519846	1	1.16459852939818	1	0.564301767370936	1	0.775358832842856	0.994634252697016
E062-H3K9ac	0.772694594025373	1	1	1	1.07732317474975	1.17178164746595	1.01077834265818	1	1	1	1.09962149412084	1	1	1	1	1.10012972993264	1	0.813814063202575	1	1.22141282327862	1	1.26041941886177	1	1	1	1	1	1	0.940242760026221	0.798176076761571	0.98039414432554	1	0.922034061964139	0.756923788636001	1	1	1	1	1
E035-H3K9me3	1	1	1	0.869992777191348	0.960693670496387	1	1	1.19319356378721	1	1	1	1	1.40540664191002	0.949351960139863	1	1	1	1	1	1	1	1	1	1	1	1.10371195863561	1	1	1.4256282082808	1	1	1	1.17523632802004	1.01181843247022	0.93356210066299	0.959718425099335	1	1	1
E040-H3K36me3	0.909409997772647	1	1	0.765651701903881	1	1.21799329214908	1	1	1	1.03589703618084	1.02315458016632	1	1	0.893143107275331	0.804931526440694	0.92256891435661	0.922688160278823	1	0.707447186872091	1.2727769741787	1.3208166560754	1.00032249429597	1	0.942774100023936	1	1	1	1	1	0.838652746456521	0.619454183736914	1	1	0.91988198022135	3.09458528523751	1	0.953929357853021	1	1
E043-H3K27me3	1.73011322924616	1	0.707836830718892	1	1	0.534595258920791	0.744813115557551	1	1	0.590452022435491	0.701895638117218	1	1	1.10013069451634	1.02554568279146	1	1.09843064766421	1	1.21887971292148	0.563588890481837	0.907488939032651	1	1	1	0.942915097927807	0.805296604923893	0.462036749361909	1	0.845123143211962	1.51138654435748	1.96343003394466	1	1	1.37064920044343	0.535798317920552	1.15304631479783	1.77269579079563	1.19111904547294	1
E042-H3K36me3	0.724194678827116	1.07595048260671	1	1	1	1.44444006581961	1	0.998312766921515	1.72331466113709	1.67256661825048	1.07252413526901	1	1	0.643873307479399	0.874409086102534	0.926181666711021	0.888049833926829	0.688350827226305	0.785502853167216	1.2537429767252	1.02898456134077	1.26529162197213	1	0.701976964006189	1.00981286208348	1	1.09116956820573	1	1	0.75908255454584	0.853736501711086	1	0.975035954789441	1	2.39211914564385	1	1	1	1.16170106049312
E033-H3K27me3	1.52974688772745	1	0.203265814534882	1	1	0.412090186200788	1	1	1.47556784951373	0.875690479577555	0.678561398696337	1	2.21652650340331	1.61329664999706	1	1	1	0.715836317541646	1.15049849760968	0.526847350740653	0.937975476652223	1	0.638519712816681	1	1	1	1	1.12022605515921	1	1.32102915134218	1.20786446103553	1	1.06086694938985	1.35634387705195	0.768290720904859	1	2.55411215061074	1.82884007500169	0.812136311042861
E043-H3K9me3	1.06925227226385	1	1	1	1	0.77531806543533	0.776764363758088	1.45305144187194	0.679143957461395	1	0.930763138481239	1	1.01152105533589	1	1	0.734386402189512	1	1.28562214585341	1	0.915915781049337	1	1	0.831526385309527	1	0.632637379968254	1.39283589886774	1	1	1	1	1.85935658319041	1	1.1446109748129	1.7686703607134	1	1	1	0.601678284566712	0.921158573547697
E124-H2AZ	0.878124169329729	1.29553506748562	1.04596443830196	1	1	1	1	1.06047218504037	1	1	1.07117141284545	1.11158983903304	1	1	1	1	1	0.896405381197439	1	1	1	1.2530015196331	1	1	0.964954608943757	1	1	1	0.967225974167887	0.991565070544603	1	1	0.826197128510067	0.931104772733284	1	1	1.31865775346798	0.825343995694724	1
E062-H3K9me3	1.0974887461893	1	0.967585795843433	1	1	0.830496735219706	1	1.48271648679963	1	1	0.97356265389351	1	1.65179227711626	1	1	1	1	1.00882359410475	1	0.937019248394586	0.964691949497253	1	1	1	0.680530655769842	1.73861617551169	1	1	1	1	1	1	1.02490488766693	1.04509244339374	1	1	1	1	1
E036-H3K36me3	0.935392457127978	1.19689728743604	1	1.09619013579235	1.36375349194008	1.94447717879657	0.88640513282655	0.7150316955574	1	1.38833023546961	1	0.766687213056005	1	0.733381147686607	0.74889346416497	1.02249582077793	0.964139878108289	0.645844790759795	0.781715280117893	1	1	1	1.05255613465474	1	1.27573053677166	1	1	1.30895330891911	1	0.984315506965865	1	0.740280931851017	1	1	1	0.505784454187424	1	1	1
E116-H3K4me3	0.688704604196091	1	1	0.788714007428273	1	1.92994165747562	1	1	1.00413888616774	1	1.42745813942085	1.44987086030157	2.10960699082596	1	1	0.658452796596542	1.1040758329792	1	0.803813978371846	1.48949252798509	1	1	2.9736828240034	1	0.57250265331465	1.35105565569898	1	1	1.13329435663855	0.364383775474307	1	1	0.795675920597779	0.562239658752907	1	1	1	1	1
E047-H3K4me1	0.621601176981096	0.872887776162119	1.00181064599948	0.693328688472659	0.971816675468831	1.47907163767214	1	1	1	1.019885566162	1.93990950631577	1	0.681753752181802	0.716223821604468	0.569126924582386	0.439780643094783	1.1594675191209	1	0.87423125691945	1.47584314584688	1.32979112963548	1	1.45566707890653	1	0.957449626291593	1	1	1	1.06604694649087	0.488731869853548	0.740193053843311	1.51914110498049	0.522058450266199	0.774818734736996	1.43804538651828	0.725942799908704	1	1	1
E041-H3K27ac	0.449019427445093	1	1	0.730315030040874	1	2.07110716479371	1	0.719941941466426	1.1627933418774	1.30832250714013	1.65779023424811	1.19314223797077	1	0.471915696357169	0.578211702087784	0.575537463569523	1	0.673906869691209	0.492841748783826	2.16914768611368	1.43696753991981	1.1627933418774	1.56610827494094	1	0.830027765280148	1.09338145711046	1.18776838291989	1	1.30811896530532	0.65661543699017	0.671888756616329	1.30344240362154	0.382310792498791	0.580833624992561	2.34164930685349	1	0.370993890378552	1	1.17994120959808
E045-H3K36me3	0.87707922590218	1.03453093529878	1	1	1	1.30127329553847	1	0.642718346400969	1	1.43287152490012	1	1	1	0.909227530474837	0.935954737397807	1	1	0.626240296976624	0.866562892876837	1	1.10907262404991	1	1	0.918379764211706	1	1	1	1	1	0.912432787089284	1	1	1	1	3.11836085833818	1	1	1	1
E042-H3K27ac	0.522241960434074	0.938594034762887	1	0.819804248918153	1	1.37963180524556	1.04987285643018	1	1.600773918464	1.04886873526126	1.31118056273371	1.26110214618425	1	0.528244360068196	0.861673771455594	0.786191726749583	1.05816918325252	1	0.66373135732362	2.08537742744054	1.22736465902655	1	1.24213785050381	1	0.929979206417696	1	1	1.0031994210809	1.15182655410289	0.693182946715837	0.581449969301587	1.0811879629108	0.658155202129206	0.70249544657448	2.07187664068671	1	0.721047515443807	1	1.26782472582623
E046-H3K4me3	0.904763475584232	1	1	0.905107938313169	0.941913342267188	1.28862546565322	0.973857735808009	1	1.43500197510124	1	1.42678535320951	1	1.78149258663441	1	1	1	1	1	0.877148089151473	1	1.05922806283747	1	1.39213377113406	1	1	1	0.970900703203904	1	1	1	0.896760349107985	1	0.600893957215975	0.835711066814002	1	1	1	1	1.24313660463555
E116-H3K9me3	1	1	1	1	0.759222322850146	1	1	0.280604713998401	1	1	1.0777989226239	1.49776659735277	1	0.558775521525405	1.06447496583406	0.826556541695337	1.11213772722349	0.530182685188152	1	1.10099557943858	1.0088176487025	1	1.56194331048933	1	0.852151183156696	1.27503368928324	1	0.785308195121897	1.25377348579646	0.832530320217586	1	1	1	0.818568411477428	0.569055930052424	1	1	1	1
E041-H3K36me3	0.759805585694055	1	1	1	1	1.51309374593121	1	0.543328276710666	1	1.53435922214175	1.11826833233954	1	1	0.919007501038157	0.971277697504399	1	1	0.86752664449952	0.620745752847993	1.27037941014102	1.16724806888753	1	1	0.781832813027179	1.00296471777059	1	1.22230179872055	1	1	0.791506022111003	0.694898393230495	1	0.931775994166688	0.946174620388443	3.43632467463495	1	0.952216255864927	1	1
E043-H3K36me3	0.956423427645154	1	1	1	1.16713263997422	1.32068182708782	1	0.601122689094947	1	1.44032452672353	1.01949397359782	1	1	0.668187371541206	0.868294417509712	1	1	1	0.752880292851669	1.02960937932465	1.00250216114195	1	1	0.916303019501786	1.02601790311068	1	1	1	1	0.851287610725161	0.956342393257167	1	1	1	3.26413958698234	1	0.987573061999964	1	1
E042-H3K4me3	0.710098542227039	0.816139895446145	1	0.879880387954104	0.870085084891106	1.24911587324136	1	1	1.2389168392435	1	1.46744167259208	1	1	0.746391948486474	0.882052023676798	0.759905363951006	1	0.657108098384815	1	1.62302563941399	1.13251464955344	1	1.19748432574788	1	0.779133638026348	1	1	1	1	0.560251635218457	1	1	0.798049835469451	0.695271714955118	1.12296107759366	1	1	1	1.01927194118346
E034-H3K4me3	0.788671047826628	0.906752194675894	1	0.617752473920477	1	1	1	1	1.35281391745632	1.03074107393609	1.81511919937786	1	1.21210868027907	0.88872418763572	0.869660422499262	0.890497470943008	1	1	1	1.32702660342965	1.17855992588118	1	1.2692704004768	1	0.680887334230805	1	1	1	1	0.768686023242936	1	1.30019175522566	0.812881189029922	0.706826558648049	1	0.736914424311065	1	1	1
E051-H3K27me3	1.16753133492054	0.690673612535475	0.321823863843564	0.983463406512442	0.786234614042288	0.986199539191213	1.12978304712854	1	1.67662190666239	0.541424172224979	0.875519906547179	1.09366709923506	1.2896157204606	1.07256192913349	1	1	1	1	1	1	0.655015734808056	1	0.504143974907628	1.91309594180439	0.646572513229549	1	1	1.36315260241619	1	1	1	1	1.45588175945563	1.12245387270326	1	1	3.57941184006867	1.0130459760072	0.993878040660052
E029-H3K27me3	1.01155576961019	1	0.51896532639092	1	1	0.978035481291725	1	1	1.2095033925156	1	1	1.28711950004154	1	1	1	1	1.01590983013462	1	1.31310104559605	0.833238465698705	1	0.685832029233275	0.353432295302874	1.79168413279332	1	1	1	1	1	1	1	1	1	1	1	1	1.55496196751647	1.78888392346727	1
E029-H3K4me3	0.845962522546353	1	1	1	1	1	1	1	1	1	1.27133038163838	1	1	1	1	1	1.21139933713491	1	1	1.06150599314195	1	1	1.26238664696921	1	1	1	1	1	1	0.885674496021119	1	1	1	0.99828101260873	1	1	1	1	1
E050-H3K27me3	1.19435406874229	0.774717417069944	0.518138034187966	0.870766259410537	0.648881757224201	0.657323805093113	1.28301608152157	1	1.24054785788331	0.865541815431583	1	1.31314297944818	1	1	1	1	1	1	1.1758047018205	0.964533052134151	0.721454439298812	1	0.423520939622482	1.56773902928917	1	1	1	1	1	1	1.08461325650513	1	1	1.12442042410958	1	1	2.12120047083571	1	1
E115-H3K9me3	1	1	1	1	0.692555151112448	1	0.950592942796749	1.08961183135647	1	1	0.962499501107781	1	1	1	1	1	1	1	1	1	1	1	1	1	0.868455582079822	1.41199580332759	1	1	1.32734235355011	1	1	1	1.3907348795783	1	1	0.857417518822211	1	1.32724792549852	1
E031-H3K4me1	0.764202553653979	1	1	0.832594995580218	1	2.1608224223186	1	1	1	1.43185655832709	1.64873692603629	1	1.21651157328676	0.792209450616881	1	0.595450856494464	1.16182520245121	0.633589554240226	0.730944597206097	1.57548412196889	1	1	2.42137981666551	1	0.57834488041338	1	1	1	1	0.38712442270163	0.524528898997799	1.53449187307339	0.853863762164717	0.800670985320367	2.22207798084552	0.62208634011831	1	1	0.962385397863017
E124-H3K36me3	1	1.10915261035656	1	1	1.16296310485294	1.67275694907847	1	0.413718046152763	1	1.71716158463797	1.11131933929542	0.632333376063473	1.0288677606257	0.295958159788107	0.819171934543126	1	0.761747815600953	0.400704211216498	0.590451401086098	1.10650022605787	1	1	1.27871036646772	0.541475370901377	1.05504701609559	1	1	1.26920739378411	1	1	1	1	1	1	1	0.658078327616173	0.926996492468456	1	1
E033-H3K4me3	0.809610950341702	1	1	0.633802438164295	1	1	1	1	1	1	1.77037455550585	1	1	1	1	0.924361072399134	1.08057240078954	1	1	1.82045412001863	1.16827656490013	1	1.48634544687113	1	1	1	1	1	1	0.456199784950871	1	1.01097515466173	0.671814107764608	0.671205663335499	1	0.886866917329215	1	1	1
E116-H3K79me2	0.80989820824217	1	1	1	1	2.27632043606886	0.844423901384134	1	1	0.967417499986095	1.21283031280167	1	1.37041599321334	1.17730962124786	0.746079223469464	0.733282663902395	1	0.77696374026012	0.561159836375	1	1	1	2.04594941198551	0.98522785397696	1	1.17346403283106	1	1.06867771315737	1	0.475717895446596	1	0.741032813391664	0.788507009647058	0.851148015271815	1	1	1	1	1
E030-H3K27me3	1	1	0.843880856441799	0.960720260471996	1	1	1.01124488506709	1	1.11131533895932	0.671819008011648	0.85453370865242	1.13085587259564	1	1.14427842004768	1.29780625345498	1	1.03505137501869	1	1	1	0.948158462106887	1	0.520941278540317	1.53355169088123	1	1	0.89895465788565	1	1	1	1	1	1	1.08608454768971	1	1	1.57177988910178	1.18898580901864	1
E115-H3K4me2	0.766518504890372	1	1	1	1	1.34549555146705	1	1	1	1	1.42829945376594	1	1.60508782855478	1	1	1	1	1	0.867757213327811	1.58513443045636	1	1	2.53424165798679	1	1	1	1	1	1	0.380414498830573	1	1	0.961805511097354	0.888106023087144	1	0.638509770530383	1	1	1
E062-H3K4me3	0.945947129748908	0.985595993880688	1	0.976549989462793	1.02760173340261	1	1	1	1	1	1.18337894284374	1	1.38110483959439	1	0.59043261977596	1	1	1.31589924297757	1	1	1	1.55220498802632	1.03972682627973	1	1	1	1	1	1	1	1	1.71158029896833	1	0.889598511382468	1	0.923725745055303	1	1	1
E029-H3K27ac	0.717187097029466	1	1	1.17211186930219	1.54253472822179	1	1	0.83417696617498	1	1.23511352847356	1	1	1	1	1.15094944115209	1	1.37419909384276	0.399528351248177	1	1.18638549378154	1	1	1.73412983016309	0.916612579572151	1	1.07638450421639	1.14679877442377	1.3610596660092	1	1	0.995095198309021	1	0.759179670955409	1	1.13759598360145	0.688602530475833	0.815981076628087	0.375711898354009	1
E062-H3K27ac	0.577795704774593	0.884329329997058	1	0.706109570851505	1	1.15477840884374	1	0.987497430834736	1	1.57373879723318	1.49710421273213	1	1	0.867966091719039	1	0.77865125188071	1.12156706119053	1	0.669411669966027	2.01453735264408	1.0996544414736	1	1.3340667282301	1	0.946815462356783	1	1.35663584529562	1	1	0.679785735310223	0.874348948116927	1.68302631488278	0.819250202527649	0.936215337054118	2.22724235832494	1	0.775808031433125	1	1
E050-H3K9me3	1	1	1	0.964183893313045	0.931852740571956	1	1	1	1	1	1	1	1	0.771423920321902	1	1	1	1.17503620725714	1	1	1	1	1	1	1	1	1	0.736180528613721	1.06086249660567	1	1	1	1	1	1	1	1	1.36993857643219	1
E124-H3K9me3	1.76074885366905	0.888855712948231	0.870131433830117	0.97056597629759	0.796071379406836	0.675465410867885	1	1.58541199532427	1	1	0.865210757981894	1	1	1	1	0.85203547034224	1	1	1	0.729071509620197	1	1	0.697926938417298	0.841246770610335	1	1.4851303967755	0.937297473586566	0.981128075562964	1	0.980174175425474	1	1	1.70949587040543	1	1	1	1.89385392627951	1	0.85160150572553
E044-H3K4me3	0.538021887368125	1	1	0.701274309568229	1	1	1	1	2.56965249357312	1	1.74207486461869	1	1	0.987966173761501	1	0.819858113157312	1	1	1	1.73786846365325	1	1	1.41768236108263	1	0.549608012976801	1	1	1	1.04709668806581	0.665955146066382	1	1.49829227606565	0.760826684857239	0.725915303008562	1.21079581312978	0.833929480702939	1	0.885790784047009	1.16427184016909
E040-H3K27ac	0.760403401457624	1	1	0.688908070799746	1	1.25338293588588	1.19450863239611	1	1.50214764879344	1.16030413233054	1.41821898312499	1	1	0.625002251686736	0.778689802435827	0.857330088401086	1	1	0.549063279765739	1.38200271971202	1.24589533254306	1	1	1	0.636294702770047	1.21351283070207	1	1	1.2260368227723	0.868673848519281	0.597247267260322	1	0.715868023889757	0.688886709383288	1.29412238237444	1.05327242943939	0.702631805245251	0.715352448543709	1.43952099004142
E115-H3K4me3	0.735222988427703	1	1	1	1	1.28403273232974	1.00410581340953	1	1	1	1.45811263374383	1	1.54673180820823	1	1	0.990054967540003	1	1	0.975555965482241	1.22346886625357	1	1	2.1062161705664	1	0.984220782534876	1	1	1	1	0.867989037765946	1	1	1	0.725906346921555	1	0.91966861292473	1	1	1
E042-H3K9me3	1	1	1	0.746163828226173	0.783632344848045	1	1	1	1	1	1	1	1	0.595784448573077	1	1	1	1	1	1	1	1	1	1.72724023151915	1	1.10691094634178	1.00136276150892	1	1	0.954244194716703	0.891478843149674	1	1.21937875028509	1	1	1	1	0.941061457120939	1
E115-H4K20me1	1	1	1	1.02619528748983	1.50073022425949	1	0.636930269016327	0.789971414772064	1	1	0.92803878934761	1	1.03178046435632	1.03480388738342	1	1.02617064507723	1.22289871615178	1	1.22831108431019	1	1	0.711971076385813	1	1	1.15310256762421	1	1	1.46238773097904	0.807512531346073	1	1.03237322260439	1	1	1	1.71357984131565	0.846612835574091	1	1	0.837582823159413
E031-H3K4me3	0.699502478769158	1	1	0.939855511085337	1	1.41496091698388	0.955602154999016	1	1	1.30898509524126	1.39026101464446	1	2.1985835205351	1	1	0.794512849887169	1.15953095646379	1	1	1.14068457489141	1	1	2.90629215120179	1	1	1	1	1	1	0.571712981865073	0.638196614707678	1.70747627142111	0.81684620759545	0.835785864864345	1	0.967608179933001	1	1	1
E123-H3K4me2	0.794630291165926	1.39464710446872	0.752578081926183	1	1.3747638205626	1	0.785032842380287	1	1.04252239885182	1	1	1	1	1.11178227871406	1	1	1	0.704075020938447	1	1	1	0.748026365875253	1.1308963561467	1	1	1.02457185054569	1	1	0.978295974970003	1	1	1	1	0.818035538602325	1	1	1	1	1
E124-H3K4me2	0.770568091902481	1	1	1	1	1.06912209881276	0.998823064499574	1	1	1.86095178324811	1.17758360803769	1	1.04281657070627	0.938193149755536	1.16587695736982	1	1.47172909762127	0.960617278728419	1	1.51926845909711	1	1	1.53559997221488	1	0.921491824775025	1.01363529057133	1.14075505458465	1.10190822032312	1	0.897314583664375	0.882378831866507	1	1	0.928974411365321	1.00298958623112	0.792250824011666	1	0.706823529739352	1
E047-H3K36me3	1	1	1	1	1.2415636894655	1.26557355723061	1	0.84185677479039	1	1.31757534438582	1	1	1	0.812385169231987	0.846291927989823	1	0.949985159599681	1	1	1.07033391408546	1.04877965711492	1	1	0.68624803817922	1.14885255501636	1	1	1	1	1	1	1	0.972998530178638	1	1.96430158630339	1	1	1	1
E031-H3K9me3	1	1	1	1	0.836824616615371	1	1	1	1.02420858808045	1	1	1	1	0.855643857533847	1	1	1.17172076920648	1	1	1	1	1	1	1	0.825754299222487	1.09204513625005	1	1	1.0531587244185	0.912428635324811	1	1	1	1	1	1	1	1.31091898231872	1
E115-H3K36me3	0.863361339436147	1.18443424763949	1	1.05360732739893	1.23898848643919	1.66928308242794	1	0.773922319635807	0.973810057922259	1.00091197629947	1	0.783610090217031	1.19186913198687	1	0.613124796794179	1	0.986202536889681	1	0.686965716874981	1.0264945330503	1	1	1	0.855686443775536	1.41237185385116	1	1	1	0.970818895071536	0.858087563161281	1	1	0.999571314512786	1	2.02903070756983	0.350755979900806	1	1	0.990483287586331
E029-H3K4me1	0.559985205804355	1	1	1	1	1.25008271007414	1	1	1	1.70480778193669	1.30675937829356	1	1	0.719171392853974	1.24929080249861	1	1.30481972195601	0.755175320291586	0.883687808079373	1.47531067104202	1	1	1.38225613567581	1	0.898127524241244	1	1	1.14657407759225	1	0.824773613800718	0.772737863438911	1	0.992801205676334	1	1.5825995407807	0.791818636607459	1	0.699022629670551	1
E032-H3K27me3	1	1	0.568627951641672	1	1	0.495686040152123	1	1.13192718647804	1.00556397918271	0.97569229885719	0.850281602102054	1	0.638641359198978	1	1.55835577601123	1	1	1	1.53211725535917	1	1	1.07194511458685	0.324600032844229	2.43803128948373	1	0.804175587743373	1	1	1	1.37005306429104	1.37754938165941	1	1	1.09745367390609	0.782106571053216	1.29063011479137	1.36095935678228	1	1
E038-H3K9me3	1	1	1	1.08988665122153	0.754452627788829	0.718719842063884	0.926550208289195	1	1	1	1	1	1	1	1.10283491057382	0.885861028866884	0.906101315382308	1	1	1	1	1	1	1	1	1.04369332731241	0.811474029382348	1	1.32734235355011	1.08089364234188	1	1	1	1	1	1	0.850601441926153	1	1
E048-H3K4me3	0.782178285987172	1	1	0.659826563237873	1	1	1	0.977244187736108	1	1.13253858844627	1.33778159061537	1	1.18184588691359	0.840586308740244	0.865928532476072	1	1	1	0.768979848021779	1.41759493147723	1.09205926647457	1.08459734300182	1.70111298162523	1	1	1	1	1	1.07968857562557	0.660406091538241	1	1.03113101365432	0.697570713017552	0.753728392869192	1	0.996178810638267	1	1	1.00926358487301
E116-H2AZ	1	1	1	0.849970407454454	0.776853166210513	2.05320861176876	1	0.851464786541511	1	1.16695410052485	1.28244736789767	1.39058184492731	1.32812420746174	1	1	0.781353868299844	1.15887866947713	1	1	1.37729940094959	1	1	1.72081229745999	1	0.760587435783501	1.07165907514172	1	1	1	1	0.912274189879933	1	0.546290594067801	0.452985470915747	1	1	1	1	1
E036-H3K4me1	0.749777968848443	1	1	1	1.01566018859045	1.38501511532183	0.852557428645072	1	1	1.17355069198237	1.38566792725538	1	0.915469990616681	0.981770817957551	1	1	1.52361529024517	0.917403439642081	1	1.09101514548172	1	1	1.25447454967245	1	1	1	1	1	1	0.826110617832492	0.746714249308376	1	1	0.72596435357354	1.42501121548181	1	1	0.933794628384243	1
E030-H3K4me3	0.911423214961012	1	1	1	1	1	1	1	1.23617469269147	1.64838667537001	1.28945800125759	1	1	0.920054743016003	1.14309038013424	0.996321697028119	1.04208861649594	0.665494693803908	1	1.11967334655974	1	1	1.19542347301872	1	0.761140961855294	1.07175073484444	1	1	1	1	0.913224302306611	1	0.765328721348342	1	1.25653039478762	1	1	0.828864742698675	1
E123-H3K9me1	1	1	1	1	1.29914093689162	1	1	0.868831016184424	1	1	1	1	1	1	1	1	1	1	1	1	0.94494592399722	1	1	1.33103062523125	1	1	1	1	1.07513306592789	1	1	1	1	1	1	1	1	1	1
E044-H3K36me3	0.795891588871293	1	1.06313616559381	1	1	1.41806132232606	1	0.827134440012192	1.34582025814309	1.38923503528359	1.04441766587087	0.880507481852007	1	0.875440628923531	0.638752019918525	1	0.979656230496655	1	0.569218472959511	1.06454265070525	1	1	1	1	1.1255188750319	1	1	1	1	0.868096192017775	0.801557033662662	1	1	1	2.24647200233202	1	0.935313680004236	1	1
E037-H3K27me3	1.46578334168173	1	0.601110815601901	1	1	0.85678230976975	0.844047403588067	1.20351965513018	1	0.721386321395491	0.953091245159958	1	1	1.02132891023589	1	1	1	1.86467273381222	1.19550838051257	0.628567598814154	1	1	0.904566749602459	1	0.959588551991196	0.768072731889274	1	1	1	1.08173241708322	1	1	1	1.21163557105301	0.492797462332258	1	1.63056032409748	1	1
E051-H3K9me3	1	1	1	1	0.943730192409777	0.976339970854378	1	1.07953492435986	1	1	1	1	1	0.584277968867941	1	1	1	1	1	1	1	1	1	1	1	1.02574773446202	1	1	1.18850957611734	1	1	1	1.106058498501	1.06643025556725	1	1	1	1	1
E037-H3K9me3	1	1	1	1	1	1	0.763680288183835	1	1	1	1	1	1	1	1	0.935579547717297	0.807026294000813	1.71416534432613	1	1	1	1	1	0.722565074597798	0.699620885599686	1.02084766343347	0.75140959828856	1	1	0.846628791409424	1	1	1.12257396172194	1.25326708436352	1	1	1	1	0.99727244903189
E045-H3K9me3	1	1	0.971736548889663	1	0.610443080476448	1	0.938299579653293	1.33451130145117	1	1	1	1	1	1	1	0.719883216152288	1	1	1	1	1	1	1	1	0.889455869551564	1.05880767040579	1	1	1.22332208572036	1	1.08683242202521	1	1.30148571117536	1	1	1	1	1	1
E050-H3K27ac	0.657168006340672	1.21758328126363	1	1	1.64209193427771	1.74334450091231	1	0.947327277871761	1	1.29430672739805	1	0.902616081404151	1.0934866291536	0.866478563453999	1	1	1	1	0.973746061302173	1.01581394616414	1.04884174186102	1	1.11463797360623	1	1	1	1	1	1	1	1	1	1	0.848827399946602	1	1	1	1	1
E039-H3K4me3	0.795608556132787	0.859664578362165	1	0.716209463594521	0.984364789655208	1.05850173303845	1	1	1.39808991029952	1.25031544139519	1.6226442683921	1	1	0.87095045841847	0.812764389734413	0.919985502965899	1.26526251118989	1	0.853695286947144	1.59762040452306	1.31426775000063	1	1.21124120250568	1	1	1	1	1	1	0.788401420770739	1	1	0.679280256866859	0.698163126067196	1.15125160730327	0.498236772348983	1	1	1
E033-H3K36me3	0.839557866519332	1.13072812144625	1	1	1.20590265507332	1.56561086208787	1	0.913465589038108	1	1.34305824810926	1	0.632881077072516	1	0.734941738742818	0.73486461172801	1	1	1	0.849649224661719	1	1	1	1	0.579694834526354	1	1	1	1	1	0.874041131159508	1	1	1	1	1	1	1	1	1
E035-H3K4me1	0.788291122690223	1.11968530351959	1	0.850705598584608	1	1.64143530240048	1	1.11143817560702	1	1.4244120554362	1.22859403651352	1	1	1	1	1	1.29208292530199	1	1	1.04716239092319	1	1	1.36406986846868	1	0.737748249137512	1	1.09054109958432	1	1	0.981066690782642	0.550044871119487	1	1	0.759140404359649	1.14058130097611	0.790124924429978	1	1	1
E031-H3K36me3	0.70677717204695	1.13732332804495	1	1	1.02484687620135	1.50385503429835	1	0.565031959844915	1	1.13506819624504	1.13724708582985	1	1.18442656763005	1	0.661034873505574	1	0.873472175459134	0.856876195366057	0.542360035174016	1	1.03923296638186	1	1.47656704236232	0.573452077351934	1.04700526308922	1	1	1	1	1	1	1	1	1	1	0.649718743916595	0.835389288406089	1	0.860255386920984
E116-H3K9ac	0.893877701905536	0.769740939286614	1	1	1	1.64063640675026	1	1	1.25231162400336	1	1.24504187703839	1.42569654603085	1.43493944964719	1	1	0.810233270317082	1	1	1	1	1	1	2.7244939014233	1	0.646266404813662	1.88035515835134	1	1	1	0.746089172721063	0.895604265932938	1	0.807847093050959	0.720697082292362	1	1	1	1	1
E062-H3K4me1	0.644447293488808	0.821036179559396	1	1	1	1.4129465350358	1	1	1	1.15535314697908	1.40141118499881	1.1082991300485	1	1	1	0.950043092962423	1.18931403202589	0.528854860061588	1	1.37089003302769	1	1	1.13432137622777	1	1	1	1	1.07057009013974	1	0.802971648393507	1	1	0.770970479506892	0.843403054645678	1.22102136104528	0.820706200055627	1	1	1
E032-H3K9me3	1	1	1	1	0.84401153875913	1	1.12431234940454	1.07852837830792	1	1	1	1	1	1	1	1	1	1	0.625102634886185	1	1	1	1	1	0.80262630455297	1.61498640068239	1	1	1.26708593160208	0.788793080577958	1	1	1.1424264272773	1.01293612226254	1	0.866168708276281	1	0.897938941298569	1
E116-H3K4me2	0.80208822008912	0.93769769930993	1	0.684143809327389	1	2.27424858465382	1	1	1.42053919150139	1	1.46861543843634	1.32120705189843	1.42337031834386	1	0.970500619426144	0.724108518702773	1.15951030392983	1	0.932292566118889	1.30602827241391	1	1	2.02940221212553	1	0.620879938637746	1.37945254249628	1	1	1.04644833256298	0.723832498249084	0.950335091513907	1	0.832248401390507	0.607583780909	1.00766660719957	1	1	1	1
E116-H3K27ac	0.625822143697167	0.892887637931301	1	0.879517739343049	1	2.88078652361821	1	1	1	1	1.48313989752135	1.48023865445254	1.29979132033159	1	1	0.705078517357225	1.10276962814357	1	0.734166344669677	1.4279099406865	1	1	2.50668343060161	1	0.707210841752234	1.35786843716654	1	1	1.09896855937859	0.493367032343123	0.667650569269685	1	0.996854463494398	0.585339374232458	1.55201769867616	1	0.376490854370075	1	1
E034-H3K27me3	1	1	0.577206282160184	1.06236784051668	1.00180887271542	0.724264606247041	1.02119862509482	1	1	1	1	1.04489155964272	1	1.62923746212161	1.27239230548146	1.03111375559915	1.45865194948001	0.254933373495645	1.39695239321063	0.925140964871097	1	0.969079201374643	0.989270267503806	1.22508167741014	0.929491048040779	1	1	1	0.77543443522788	1.3047713223178	1	1	1	1	1	0.948384117752077	1.71352454854147	1	1
E047-H3K9ac	0.909690545637069	1	1	1	1	1	1	1	1	1	1.12710245010309	1	1	0.912554197930102	1	1	1	1	0.876256022564391	1.09060822294598	1	1.06961306404542	1	1	1	1	1	1	1	0.9348580948677	1	1.0337297115358	1	1	1	1	1	1	1.15454331994706
E124-H3K79me2	0.64598932815031	1	1	1	1.11210185868996	1.90346323336837	0.630715557050071	0.808254614262482	1	1.34145019486002	1.16339122458174	1	1	0.679485916020421	1	1	1	1	1	1	1	1	1.55896088153817	0.894605719254167	1	1	1	1.06637723786724	0.959301831970018	1	1	1	1	1.11089310627374	1.23544996758735	0.552880598346402	0.900206295653423	0.835734764397385	1
E046-H3K36me3	0.729699452459093	1.08345982234988	1	1	1	1.84329995978235	1	0.649276874190565	1	1.34312666290967	1	1	1	0.750748179543644	0.512196837078145	0.971066610512294	0.883698884520489	0.831627637361026	0.53847383509272	1.16055548588874	1	1	1.26283588158906	1	1.00080975913646	1	1	1	1	1	1	1	0.768616647242969	1	3.52460148457119	1	1	1	1
E036-H3K27me3	1.1291025354435	0.95722780721233	0.339065596509616	1	0.846918740954822	0.647811013738973	1.72668351311887	1	1	0.604699428575348	1	1.09237844794315	1.71319992452579	1.37086669455401	1	1.17139563078374	1	1	1	0.907012745561293	0.78739663711467	1	0.438939438223508	1.09023998903788	1	1	1	1	1	1.04833943568517	1	1	1.31107283831977	1	0.646548200277311	1.14457661985917	2.54409474605631	1.82067603160095	1
E040-H3K27me3	1.18062484897694	1.00618019941519	0.49056972254207	1	1	0.547097810916999	0.853583778612805	1	1	0.724930423548824	0.891976123497089	1	1	1.11328312067087	1	1	1	1	1.28157679220899	0.654799154022678	0.928611957452962	1	1	1	0.875552058846838	0.651372824567735	0.530345291692031	1	1	1.42128830486411	1.08053354345097	1	1	1.26452949509004	0.846639303201813	1	2.15651672641556	1	0.9628878724132
E116-H3K4me1	0.873507130209815	0.927246967054498	1	0.875901464565288	1	2.3187062043194	1	0.781283678486537	1	1.00348746269147	1.45240677666376	1.06744543950875	1	1	1	0.708962279764641	1.17942496419371	1	0.993682617474186	1.18711235669322	1	1	2.21991641165794	1	0.639197129286757	1.12125555001045	1	1	1	0.712500513345556	1	1	0.954398098825174	0.684525969153205	1.19444175220096	1	1	1	1
E048-H3K4me1	0.483193631173608	1	1	0.837137017286621	1	1.42846982761024	1	1	1.32777062652001	1.02422713446326	1.90888606676264	1	1	0.674026786729681	1	0.653439369205716	1.00859617742556	0.928892298510686	0.730437650136146	1.85581575303451	1.36650885144323	1.03894988650098	1.28900344753891	1	1	1	1	1	1.1579781515685	0.840231241184161	0.859568663574688	1.05138963232147	0.746690187592635	0.741948098808126	1.30573529607418	0.882188332886874	1	1	1.11855917889512
E123-H4K20me1	1	1	0.791035399257412	1	1	1	1	0.667682286936275	1	1	0.991157282498405	1	1	1	1	1	1.12692109793902	1	1.36361903444983	1	1	0.969759699600414	1	1	1.04852029343159	1	1.10119933705957	1.02252717756336	1	1	1.01915686651592	0.979344027728545	1	1.05751141438215	1.11834540890779	1	1	1	0.98565996420361
E037-H3K27ac	0.625699709471837	1.04008167157921	1	1	1.285886166798	1.46241803542357	1	0.905409993399209	1.56627445043169	1.49245926382344	1.24406839917825	1	1	0.817601401330478	1	0.876653043901328	1	1	0.667549449199923	1.59728195170564	1	1	1	1	0.977861317938794	1	1	1	1.07621413351201	0.900456537459343	0.705246645932261	1	0.832053050699616	0.912534926951676	1.39519757058969	1	0.906405272610828	1	1
E123-H3K4me3	0.944630287475723	1.30564126962067	1	1	1.26576990199944	1	0.849582954336873	1	1.21051260570744	1.07963381935369	1	1	1	1.25933469618451	1	1	1	0.925632862003002	1	1	1	1	1.27147602707058	1	1	1	1	1	0.848219339068077	1	1	1	1	0.968518717595674	1	0.994852171895458	1	1	1
E033-H3K9me3	1	0.775467929642348	1	0.568648585928071	1	1	1	1	1	1.74165830052588	1	0.99329426284494	1	0.857754282798062	1	1	1	1	0.502908158792301	1	1	1	1	1	1	1.62331989485896	1	1	1	1	1	1	1	1	1	1	1	1	1
E043-H3K4me3	0.665970853098582	1	1	0.737066428308263	1	1.32249682389733	1	0.917260519316257	1.64210789147967	1	1.56755548937636	1	1	1	1	0.981888312479773	1.12110353348243	1	1	1.26448972198388	1.11707728439179	1	1.29669798499384	1	0.888241418435535	1	1	1	1	1	1	1.76071480064248	1	0.59100791100451	1.53416082094884	0.719100159169672	1	0.923693323806995	1.04407356551805
E038-H3K4me1	0.570689237390404	0.870843039009009	1	0.792638908155021	0.970983808383432	1.4429103183603	1	1	1	1.03009232511423	1.78038747414789	1	1	0.632280122697058	0.861443173128166	0.508753095036745	1	0.628905990618036	0.972587472377419	1.8393398478781	1.46106386023088	1	1.69513079365133	1	0.906388060895058	1	1	1	1.31906764946834	0.554442139050544	0.779378124372019	1.02374668410495	0.645444049494094	0.6699666995742	1.64372045159672	0.868091188168234	1	0.9266441563877	1.14032751974186
E040-H3K9me3	1.10797701553065	0.724137834729455	1	1	1	1	0.865181952643967	1.39760014837588	1	1	1	0.878386050699433	1	0.958789770529596	1	0.913879951927381	1	1.46032047185974	0.586976712762638	1	1	0.775874238164212	1.09502712953183	0.788627278036469	1	1.17346710459675	1	1	1.22577902236103	0.95657791976006	1	1	1	1.18515522743382	1	1	1	1	1
E045-H3K4me3	0.602734964829537	1	1	0.6251027113205	0.794607696340669	1	1.14686503351989	1	1.43821365391951	1	1.26839814734379	1	1	0.86732682853446	0.930914182920019	0.813966020492675	1.01836705704495	1	0.671221862309545	1.46976642705594	1.23661467577244	1	1	1	1	1	1	1	1	0.770553607467585	1	1.00067076147893	0.964445850916809	0.668744832708968	1.04862196972883	1	1	1	1
E033-H3K4me1	0.633199085619581	0.985949136573801	1	0.503246839480437	0.998859149031251	1.335598922582	1.04490899507844	1	1	1	1.54677705035253	1.14271844543194	1	0.779838159419135	0.994160641815943	0.663071481426747	1.12597523842758	0.949736562917939	0.839308662126763	1.83451337665888	1.21065182231951	1	1.53188066554331	1	0.907428800532565	1	1	1	1.03350862142442	0.531970184187479	0.695599834184774	1.24826874373843	0.5690586389544	0.685615634717761	1.30784418507933	0.624521285203797	1	1	1
E123-H3K36me3	0.886216677188712	1.60942042047759	0.7938300493275	1.23668564918898	1.49604252954112	1.4707733246683	0.719393829203001	0.997712081226392	1	1.20936488347495	1	0.316018734993579	1	1	0.888150698241923	1.27524451680786	0.813659221653223	0.898409664313412	0.584759439540624	1	1	1	1.07796727797727	1	1.55426282451625	1	1	1	1	1	1	0.684276737196556	1	1	1.10202417302937	0.763320981351953	0.876528196630916	1.09110034519233	0.999050277030955
E050-H3K4me1	0.8696314225788	1.45033663691587	0.958690091614199	0.95288438749164	1.36437390881777	1.50819841758798	0.819880252325489	1.14024221323124	1	1.04344610387509	1.11184337604099	1	0.948656145573094	1	1	1	1.3695645407926	0.854353610807264	0.87043552226476	1	1	1	1.4505479838348	1	0.808152116459412	1	1	1	1	1	0.737700619799359	1	1	0.681819892064592	1.45911351680418	0.692417727489239	1	0.73343695666944	1
E044-H3K9me3	1.08139274146248	1	1	1	0.877374594345228	0.504985128845271	0.645995131564389	1	0.858942276038747	1	0.915578603184187	1	1	1	1	0.910747536658501	0.965188644996198	1	0.574423853387975	1	1	1	1	1	0.790550878255456	1.71628832131638	1	1	1	1	1.33505900332028	1	1.80807287893845	1.1383202682701	1	1	1.19332753269434	0.75916859795506	1
E036-H3K4me3	0.678371801144609	1	1	1	1.24350414511258	1.02192097545258	1	1	1	1.55791001725087	1.03340978582417	1	1	1	1	1	1.39792600336976	1	1	1	1.0563177200017	1	1.46643983768279	1	1	1.25428641254272	1	1	1	0.742526672742502	0.910670356518494	1.03112923142876	1	0.601597910784407	1	0.584357880447292	1	0.589459073490783	1
E051-H3K36me3	1	1.08126557155337	1	1	1.21347346509678	1.65717143568518	1	0.641743213030178	1	1.53745490502725	1	0.44157758565941	1	1	0.879575674994798	1	0.888429501869801	1	0.970997410258218	1	1.01418964057103	1	1	0.849712408034709	1.16911681847506	1	1	1	1	1	1	0.881816897298253	1	1	1.24148052405178	0.777088239093122	1	1	1
E035-H3K36me3	1	1.10969032147486	1	1	1.22011318239318	1.59143369006496	0.876242704625787	1	1	1.46083471533676	1	0.561137905867145	1	0.865456750928382	0.715784675928148	1	0.783599827790428	1	0.703963429822126	1	1	1	1.10886203201422	0.611745178222672	1.25920216014167	1	1	1	1	1	1	0.875114949211568	1	1	1	0.725704806644574	1	1	1
E038-H3K4me3	0.807073232959369	0.931093483524956	1	0.687570178904643	0.753071626104346	1.31375251110108	1	1	1	1	1.85770354462877	1	1.0760905842672	0.759448273145946	0.922516289725513	0.819526087196007	1.01040905879022	1	0.944081302214995	1.5577500393039	1.14511100071716	1	1	1	0.55872282301092	1	1	1	1.62697584538644	0.813193460609727	0.73209185949591	1.09812677576418	0.604764724370989	0.633382980794814	1.02520548953984	0.820572352114861	1	1	1
E034-H3K36me3	0.751043134771282	1	1	1	1	1.46441796883141	1	0.861363737087528	1	1.44109776655985	1.32375373354914	0.91244224718912	1	0.89004461461167	0.725575794340453	1	1	0.816161976959637	0.643247744793271	1.27935932513762	1	1	1	1	1.01732471055448	1	1	1	1	0.808602163885284	1	1	0.875761755205243	1	2.905399445088	1	1	1	1
E124-H3K27me3	1	1	1	0.995552434138759	1	0.725781130910359	1.05160284602664	1	1.12489623873453	0.847075965763308	1	1.04514066441302	1	1.1151443608898	1	1	1.04700664074284	1	1.16637970546455	0.885218160543403	1	1	0.311659527029026	2.00613446526454	0.94274380532849	1	1	1	1	1	1.23668318200132	1	1	1	0.378138930908852	1	2.02299184604052	1	1
E038-H3K9ac	0.86841898434772	1	1.18030101505932	1	1	1	1	1	1	1	1.02468343148921	0.981932657073992	1	1	1	1	1.05183783261978	1	1	1	1	1	1.08289037740274	1.03557711569706	1	1	1	1	1	1	1	1	0.970982672716432	1	1	1	1	1	1.03244664267599
E045-H3K27ac	0.736752307551586	1	1	0.588651842067724	0.908250431342969	1.44383649421875	1.12103268004701	1	1.45009276188075	1.54062190416285	1.29772355437556	1.02668982654224	1	0.64400434425302	1	0.593763923902079	1	1	0.56733160678078	1.7022281275274	1.16396871615993	1	1.27491670981518	1.13986799715195	1	1.23677335898605	1.0679687761019	1	1.14384767337361	0.820837943045082	0.989806936934181	1	0.662433654919053	0.597394085660753	1.99956858718436	1	1	0.758904251684688	1
E040-H3K4me1	0.477884527029922	1	1	0.49491011717494	0.78292792285635	1.60118227742626	1	1	1.02966277173855	1.39455194044307	1.71346739808827	1.17606782112829	1	0.710402055634494	0.657050876505475	0.556893039034469	1.05359537962794	0.636358755526633	0.814712941296153	2.53987020394339	1.35508478503126	1	1.31673185493654	1	0.978771627503074	1	1	1	1.55947429511837	0.486571786507297	0.671560986614326	1.03593482661375	0.60807850816099	0.6938503991284	1.51465181222791	0.997921804961862	1	1	1.21966321278906
E115-H3K27me3	1.18644451902636	1	1	1	1	0.613605392766332	1	1	1	1	0.719674695211798	1.23351857845307	1	1.15267773292384	1.54541873647719	1	1.26188176150071	1	1.07702215796595	0.771492456668923	0.854762388058492	1	0.675414745032032	1.16384713508459	1	0.868387741245204	0.880127973888457	1	1	1.98456803805735	1	1	1.28214293133813	1	0.542876303630726	1	1.85021806417129	1	1
E039-H3K4me1	0.753484156694633	0.825957599142227	1.58370320449399	0.601088205898537	0.853134378819845	1.30114679527181	1.09526735072989	1	1.12944895016812	1.21259878146999	1.79421161461507	1	1	0.666015002805339	0.761233923542089	0.504509414829472	1.0115889985238	0.963852913866994	0.780722402870298	1.66246876011579	1.28228242727901	1	1.33637277693026	1	0.79512423331195	1	1	1	1.14803118962029	0.579569144714423	0.715552107277675	1.11700909750553	0.745277322529289	0.736491604109897	1.37481385572115	0.728585693475004	1	0.851013211738657	1.12446648755511
E123-H3K27ac	1	1.70089803766392	1	1.08849764318621	1.73689305125731	1	0.800820664578895	1	1	1	1	1	1	1	1	1.11094898157889	1	0.658569890018168	1	1	1	0.452098069640487	1	1	1	1	1	1	1	1	1	0.629888014220425	1	1	1	1	1	1	1
E051-H3K4me1	0.656954992775645	1.15706377411422	1	0.899912518473248	1.16775991312082	1.63562716953335	0.872456198529757	1	1	1.08051630821799	1.16500432010961	1.00570760286542	0.796110465368987	1	1	1	1.46564239617989	1	0.956645093891808	1	1	1	1.29877815334383	1	0.973093591707235	1	1.14234394598863	1	1	1	0.622042101979049	1	1	0.651826388434275	1	0.843644129236814	1	0.824929238453482	1
E123-H3K9ac	0.876195436774996	1.73653802744106	1	1	1.39935944437206	1	0.817908791691623	1	1.59332783060234	1.16991550353866	1	1	1	1.10713504422761	1	1	1	0.701188362322543	1	1	1	0.481357241101964	1.08209875861367	1	1	1.16976457437443	1	1	0.807167273921754	1	1	1	1	0.860887555368984	1	1	1	1	1
E030-H3K9me3	1.58098977439911	1	0.874861021343651	0.899105740627137	0.871150555807599	0.594216960607471	1	1.43239427735611	1	1	0.810853841432822	1	1.18171962209884	1	1	1	1	2.33623232180876	1	1	1	1	0.981414180354139	1	1	1	1	0.579938438518271	1.33221074661926	1	1	1	1.43040035402255	1	1	1	1.16261600060398	1	1
E039-H3K27me3	1.57028260205435	1	0.694712522129572	1	1	0.369320556407057	0.978627126141768	1.30856843393674	1	0.860114932599821	0.746114423104505	1	1	1.33186198687825	1	1	1	1	1.51633597161453	0.45675548218434	1	1	0.89027934838629	1.00938813566287	1	0.849944914848141	0.676674742212524	1	1	1.45491542159807	1.48869094145569	1	1.14473164926417	1.49445038220338	0.985224845550318	1.2330425503218	2.57328439127702	1	0.841053363842516
E032-H3K36me3	0.734981815242154	1.1028195740742	1.06185051253979	1	1.03330371162262	1.35183215065054	1	0.756575695609976	1	1.332028900735	1.06504122409011	0.927632471019614	1.0376421799385	1	0.918509674888663	0.957751185928163	0.967366796892059	0.851113948053898	0.472025379708662	1	1.08750690355425	1	1.87785343527242	0.766924011891615	1.02223924781054	0.997486900579111	1	1	1	0.890509586139955	0.800591699566055	1	1	1	1	0.931263247998657	0.934201390810856	1	1
E043-H3K27ac	0.711304922293772	1	1	1	1	1.00516501605827	1	0.733106825717294	1.72437884717031	1.30573950950769	1.32464601294088	1.0347680006168	1	0.75187433932243	1	0.915341348430971	1	0.573788774022372	0.754112677284872	1.37369348152611	1.40522694326006	1	1.09582413670021	1	0.843367019335642	1.05899229747307	1.01014874710919	1	1	0.76859053836135	1	1.31332876822826	0.859091984152161	0.716022294078143	1.49926292324722	1	0.395180611453431	1	1
E047-H3K27me3	1.59715306915121	1	0.704840986335549	1	1	0.485654591288233	0.970411311182732	1	1	0.622645268582382	0.783337973693229	1.24523755220593	1	1.05578053234406	1	1	1.00548708079502	1	1.1339630416664	0.846407167887233	0.851303489556544	1	0.972948848437764	1	1	0.901534776087598	1	1	0.92936573621796	1.43435460856391	1	1	1.48581097493503	1.17077346949765	0.739411531984689	1	3.23673983418656	1	1
E045-H3K27me3	1.17960795874528	1.08591535843971	0.826108403121164	1.00061454169341	1	0.833969452682783	1	1	1	0.653735543657237	0.754363555954904	1	1	1.10608450433032	1	1	1	1.29058564677937	1	0.631553318989279	0.862836583194375	1	1	1	1	0.881734387433776	1	1	0.947393900390957	1.20272206301956	1.35554596702132	1	1.3962972556555	1.28367998613118	0.927604689026756	1	2.48570332645347	1.33110843960003	0.920529032655437
E043-H3K4me1	0.684017529494672	0.92157121569476	1	0.533542325543884	0.846539656372963	1.69810947228289	1	1	1.52449316007863	1	1.92114608845243	1.15391949061104	1	0.798830629403751	0.814373229858406	0.450659755909763	1.09909458486971	0.662528314834541	0.712309756409805	2.07324903514802	1.27160941031744	1	1.27689191124039	1	0.75435778611566	1	1	1	1.40236642860077	0.504832434224262	0.746954579858828	1.20664504705594	0.587798758087459	0.708114845064871	1.49840793882744	1	1	1	1
E123-H3K27me3	1	1	1	1	0.761205683721794	1	1.38290739285996	1	1	1	1	1.50306219233895	1	1	1.43132611542083	1	1.68007350227304	1	1.45847625774261	1	1	1.03877664485961	0.631027684510157	1	1	0.922981771056925	1	0.902420448800231	0.742741590750585	1.09622793151655	1	1	1	1	1	1	2.21617059339663	1	1
E116-H4K20me1	1	1	1	1.09741483668586	1.1735239528069	1	1	1	1	0.73374931037502	0.993527084114053	1	1	1	1	1	1	0.655010921828329	1	1	1	1	1	1	1	1	1.1207156332001	1.80280070560451	1	1	1.02628579793874	1	1.22813622871654	0.983403112120416	1	1	1.82051289310646	1	1
E115-H3K27ac	0.602234097615691	1	1	1	1	1.21985697408284	1	1	1	1	1.30071908089981	1	1	0.760008512843639	1	1	1	1	0.641963251983341	1.7259084865831	1.02833453803947	1	1.72891231014556	1	1	1	1.0311820949622	1	1	0.949263160919956	1	1.24111488616784	0.779811632941394	0.991000470935249	1.48390540407986	1	1	1	1
E115-H3K4me1	0.774175399829952	1	1	1	1	1.39222878819186	1	1	0.897275137480842	1	1.49317861013121	1	1	1	1	0.812610714562736	1	1	0.705313426234343	1.97916159328013	1.06374734842925	1.08999127048116	2.17064281213977	1	1	1	1	1	1	0.794160576291856	1	1.55661893481741	0.913902347429479	0.713668149329096	1	0.824254609911622	1	1	1
E116-H3K36me3	0.917008888802497	1.0654247104677	1	1	1.38523738156986	1.76463297083348	1	0.737595569683663	1	1	1.13408171083858	0.679920981871999	1	1	0.575672788422278	1	0.817674948255533	0.600876963195125	0.51696625639392	1	1	1	1.2039173559887	0.363278414978216	1.29301718205146	1	1	1	1	0.884090486681487	1	0.716546751719652	0.915618792172872	1	1.15632235543072	1	1	1	1
E044-H3K4me1	0.601648991982144	0.972686994115771	1.00037738176232	0.643642541677834	1	1.27823207316027	1.03715551263542	1	1.35590764344796	1	1.75566408661469	1.37730195082319	1	0.599817054041554	0.493818603985168	0.652300388075214	1.02987868629682	0.406924015414663	0.757643382029561	1.8379214428321	1.30936408631769	1	1.4376495074004	1	0.829070792052236	1	1	1	1.23884549806298	0.671946076427945	0.677775891653293	1.43483823932481	0.888183606960684	0.719499590957605	1.37166053818797	1	1	1	1.49236543980019
E047-H3K9me3	1.4565941252969	1	0.841055196340462	0.937475163209333	1	0.987415893635741	0.946161408274366	1	1	1	1	1	1	1	1	0.95740314759327	1	1.88426708537958	1	1	1	0.680010815490046	1	0.921526712400718	1	1	1	1	1	1	1.0023105456064	1	1.5908734208037	1	1	1	0.977691218034962	0.797239803128607	1
E039-H3K27ac	0.504607263786691	1	1	0.889081213751337	1	1.45797093405741	1	0.76434850159114	1	1.15765697161771	1.51094738270734	1	1	0.72966236965129	0.90583673910033	1	1	0.874275254379343	0.591281568912921	1.77764906735642	1.21844710486111	1	1.4428921395027	1	1	1	1.05033060539416	1	1	0.69698395562387	0.873253571271578	1	0.661757782516555	0.536020012470203	1.89661979619349	1	0.85170417764221	1	1.04060393198186
E037-H3K4me3	0.68131888316512	1	1	0.664087552801474	0.710886369415457	1	1	1	1.86055648305468	1.02836369498203	1.37649252261711	1	1	1	1	0.840022186916206	1	1	0.91220389318838	1.36450283548813	1.19085732491049	1	1.09749752264893	1	0.906080942540968	1	1	1	1.08277539187273	0.785776947493186	0.649135859058946	1.06156355462385	1	0.864987304889621	1	1	1	1	1
E035-H3K4me3	1	1	1	0.910556461421928	1	1.00645288653754	1	1	1	1.12018795441148	1.1405176244666	1	1.57229791263193	1	1	1	1.04868658139159	1	1	1	1	1	2.01111279044349	1	0.93293602513292	1	1	1	1	0.470833724214588	1	1	1	0.878767473622432	1	0.642759671078235	1	1	1
E041-H3K27me3	1.4851095672062	1	0.213460474487324	1	1	0.576219321962785	1	1	1	0.542884678528026	0.669803765482843	1	1	1.4076365597102	1	1.01591077243902	1	1	1.44057426331773	0.492039237141995	0.858239963760971	1	1	1.54289080323132	1	0.623551410116369	0.503637945514027	1	0.841503593283102	1.75977338030227	1.4388477525859	1	1.64326710030131	1.30753228520118	0.382382881179832	1.18987735937805	2.60943814787477	1	0.676671727116483
E042-H3K4me1	0.599150817020389	0.945217825282554	1	0.512996402385252	0.8136256142088	1.46796495594993	1	1	1.65863656322342	1.13391584434624	1.7494729441224	1.13412976714766	1	0.635930826989176	0.726963994732729	0.518857650175577	1.04510813855827	0.920922364922841	0.94257848861572	2.34149788759593	1.37707369933414	1	1.51004026678944	1	0.676842903332573	1	1	1	1	0.485657723994669	0.71884576018994	1.06711837452651	0.849985768663663	0.716491475202596	1.58435776395782	1	1	0.932630780525744	1.26115239488921
E046-H3K4me1	0.611703439318606	1	1	1	1	1.4748236229276	1	1	1.00653385938872	1.04558423380098	1.38939347683165	1	1	0.819177000246711	1	0.734718173737648	1.01189930725815	0.426993042855523	0.918431264703394	1.27256514208348	1.05842427936943	1	1.34790604099946	1.59327615449412	0.726883253732395	1	1.40780206886943	1	1	0.939118072652086	0.506042486747703	1.73511693041802	0.699052975087867	0.961119796437399	2.17569288812146	1	1	0.6846081958675	1
E046-H3K27me3	1.47549354978508	1	0.603379130697177	1	1	0.465850422845036	1.01648243542381	1	1.06999211929064	1	0.98757748574917	1.18189846763944	1	1	1	1	1.13845016065317	0.701140929532557	1.1083818701575	0.751805041025694	1	0.69795786429589	0.570546240400527	1	1	0.773774210758896	1	1	1	1	1.2326088407837	1	1.00996231415164	1.02992862185032	0.756082577175007	1.08178245127973	1.75645832773518	1.49058715661242	1
E038-H3K27me3	1.40346978828789	1	0.590014742353959	1	1	0.649967515149747	0.81912579503969	1.16730166775938	1	1	0.75171004328615	1.39585601301657	1	1	1	1	1	1.09675661388645	1	0.645511113717231	0.950677755899511	0.945290853394464	1	1	1	0.745808597842801	0.674524673569748	1	1	1	1	1	1	1.43842546095311	0.926428523671617	1.03688750468819	1.69829644967133	1	0.960271605939449
E031-H3K27me3	1.24355615275453	1	0.48189586400512	1	1	0.786062272302814	1	1	1.4537482573353	1	1	1	1	1.0426464983307	1	1	1	1	1.34577512193658	1	1	1	0.627175029494399	1	1	1	0.96279589094497	1	1	1	1.02970270819904	1	1	1	1	1	3.98632669301006	1	1
E041-H3K4me3	0.485804138329803	0.992170251542854	1	0.47204731967757	0.940113866211552	1.37948232501878	1	1	1.18000679311395	1	1.67108663007397	1.21103671738566	1	0.791441820784612	0.772882405806848	0.53314879154957	1.00280476669899	1	0.798867396839275	1.93195807906104	1.1538994679852	1	1.66184021115438	1	0.605510769835016	1	1	1	1.26740594207368	0.67826463175087	0.726867843801603	2.2808564550698	0.707327651430784	0.477785312829774	2.11429542405761	0.928118451573661	1	1	1.32580438118303
E048-H3K9me3	1	1	1	1	1	1	1	1	1.35245958804961	1	1	1	1	1	1	1	1	1	1	1	1	1	1	1	1	1	1	1	1	1	1	1	1.00981775545323	1	1	1	1	1	1
E029-H3K36me3	0.928446476681816	1.23809494631876	1	1	1.11036576243231	1.60796413195449	1	0.538401256334704	1	1.49143145769813	1.04426357888122	0.665257798989864	1.12877052502863	0.354085738378902	0.868054178919603	1	0.933537962832561	0.258899543000478	0.569254033007496	1.08612366347764	1	1	1.34717461033436	0.59173500416959	1.11221510837644	1	1	1.37394969242008	1	1	1	1	1	1	1	0.709945727221064	0.661150099278637	1	1
E116-H3K27me3	1	1	0.769484738354846	1	1	0.535832661587391	1	1.96806787324342	1.12489623873453	0.583007077058144	1	1.04514066441302	0.738124300552901	1	1.53279222344727	1	1	1	1.23538540063366	1.00416762526673	1	1	0.339992934317238	0.998771448038873	0.94274380532849	0.814165952960263	1	1	0.921526282188411	1	1	2.53757770234223	1	1.36694684291071	1	1	1.52808066822027	1	1.12271381869596
E034-H3K9me3	1	1	1	1	1	1	0.904917012083414	1	1	1	1	1	1	1	1	1	1.02492799630951	1.60924694165814	1	0.996458417352816	1	1	1	1	1	1.13217072413829	0.976198008340629	1	1	1	1	1	1	1	1	1	1.11383950590569	1	0.981946252652074
E124-H3K4me3	0.638066938485319	1	1	1	1	1	1	1	1	2.00470047400202	1.17758360803769	1	1.04281657070627	0.991112403168541	1.21838373457751	0.944986595747364	1.53400602203593	0.960617278728419	1	1.51926845909711	1	1	1.41952648466278	1	0.921491824775025	1.1261191470451	1	1	1	0.763218269184008	1	1	1	0.895692465275694	1	0.641217067743962	1	1	1
E047-H3K4me3	0.721547554730809	1	1	1	1	1	1	1	1	1.52643666669547	1.5458444328861	1	1	1	1	0.863178706024186	1.15376571922015	1	1	1.28717445773071	1.13538458786222	1	1	1	0.932751172236205	1	1	1	1	0.659148591806508	0.887389550454663	1	1	0.888158961529102	1	1	1	1	1
E044-H3K27me3	1.00643741911245	1	0.580591559062908	1	1	0.599911748767504	0.946919107877799	1	1	0.816314899290332	0.974150014332966	1	1.09860789392072	1.4131441686276	1.59139948332538	1	1	1	1.56483970597041	0.88246194710546	1	1	0.885835427558012	1	1	0.889656046965881	1	1	0.813706290425391	1.42936563318792	1.07803644898229	1	1	1.18282689430472	0.287655359901786	1.36378402401867	2.33589303750831	1.02120011124367	1
E115-H3K9ac	0.691504396800713	1	1	1	1.06162063386067	1.01055549177867	1.15750303299713	1	1	1	1.26279195311519	1	1	1	1	1	1	0.932524007484395	1	1.2434078933369	1	1	1.60621470638028	1	1	1	1	1	1	0.914843518733126	1	1.23589332771148	0.9488028092122	0.86800059484061	1	1	1	1	1
E039-H3K9me3	1	1.02157147322952	1	0.934680930875362	0.800872553606984	1	0.686485200781146	1	1	0.920922987975928	1	0.941689312575787	1	1	1	1	1	1	1	1	1	1	1	1	1	1.1110777394075	1	1	1	1	1.04845464725987	0.676398425319788	1.33080591509509	1	0.761922724957863	1	1	1	1
E123-H3K9me3	1	1	0.959914076768469	1	1	1	1	1	1	1	1	1	1	1	1	0.872658541809753	0.834763626350513	1	1	1	1	1	1	1	0.9824162187402	1	1	1	1	1	1	1.38091751326235	1	1	1	1	1	1	1
E038-H3K27ac	0.691218541777441	1	1	1	1	1	1	1	1	1.22569385176303	1.36425598101921	1	1	0.595501008630851	1	0.867363530387546	1	0.745038519764235	0.903235129348516	1.33002155786311	1.09515304441663	1.45862846108969	1	1	0.941609591941329	1.03659734045547	1	1	1.04262312742089	0.847442767555478	1	1	0.713476474991248	0.876186053482053	1.7740821095569	1	1	1	1.01874477768323
E034-H3K4me1	0.753807665650095	0.802335737377467	1	1	1	1.13571007550871	1.04084059688556	1	1.11653572690464	1.1504795995824	1.77141092587211	1	1	0.615298370590342	0.811110882479706	0.674866750866583	1.16173152155714	0.403198540334122	0.975882681521033	1.53359039064638	1.20058242953858	1	1.17823687620405	1.15561005933545	0.876217449764615	1.20096500534153	1.00550926241902	1	1	0.685041425388478	0.819873187836416	1.68217918622677	0.830650287957703	0.58483323622261	1.98374540330347	1	1	0.725866521422667	1
E124-H3K27ac	0.58456160593847	1.21868572488095	1	1.07301189101926	1.10901384897013	1.82963746702336	1	0.788166891893779	1	2.2359784302978	1.1761263993432	1	1.03393566594782	0.389687959336591	1	1	1	0.547404805285431	0.778177176469383	1.19660029989115	1	1	1.7037729257847	0.960878252660478	1	1	1	1	1	1	1	1.24455066652598	0.780877689382669	1	1	0.569260008893348	0.53366870886411	1	0.977944547698193
E041-H3K4me1	0.593304764600229	0.995831941526712	1.12103747187749	0.515618571337149	0.764979758905524	1.66029475148068	1	1	1.12039519265184	1.10409642766004	1.91379747450263	1.31385058384996	1	0.704597875091611	0.592397220712863	0.463867676162627	1.05414091249842	1	0.683255451190859	2.52458316578508	1.38773491942658	1	1.5181395125128	1	0.775220923146204	1	1	1	1.68115017507677	0.400696301299214	0.797355389194408	1.15953860208664	0.536820201019436	0.627801119587052	1.75947935717988	1	1	1	1.15492616047449
E050-H3K36me3	1	1	1	1	1.33934851599023	1.53491977479031	0.899956767914418	0.691831705756129	1	1.35141075465831	1	0.650420886360308	1	1	0.866340199617846	1	0.830638638727831	1	0.713583806641683	1.00771503840002	1	1	1	0.85449136467919	1.18645561591214	1	1	1	1	1	1	1	1	1	1	1	1	1	1
E048-H3K36me3	0.823192240097792	1.07839356063642	1	1	1	1.17549640147798	1	0.723712608415674	1	1	1.04907418661312	0.995807486546216	1	1	0.800177846125768	1	0.974995698934132	1	0.626487283757633	1	1.12926725556209	1	1.03064988919495	1	1	1	1	1	1	0.955736506168226	1	1	0.680095577382116	1	1.54065737890385	1	0.910881995366165	1.08003032333854	1
E035-H3K27me3	1.29772478259579	0.934018123362286	0.369997178926302	1	0.959324546498334	0.486034453880607	1	1.35884919454562	1	0.749981320026033	0.697108121708935	1	1	1	1	1	1	1	1	0.660630120451689	0.821583239022627	1	0.696034980882702	1	1	1	1	1.08331737832291	1	1	1.99940041972045	1	1.37069903878385	1.12696810956417	0.484544971003044	1	1.77665487807644	2.01522744052134	1
E038-H3K36me3	0.730321047841354	1	1	1	1.12981115302176	1.59596496030098	1	0.900370052030332	1	1.25751444815952	1.09026450702005	0.933412300122842	1.13022208242751	0.70817640290276	0.928743472915445	1	0.919287996978917	0.598182222117876	0.80279137429504	1.03816925398391	1	1	1	1	1	0.969634075544466	1	1	1	0.822654743567808	1	1	1	1	3.30084311150617	1	0.790897491852249	1	1
E044-H3K27ac	0.625695772093427	1	1.12907531928088	0.679863330576505	1	1.77001640615456	1.07712975977049	0.917304974761823	1.53140626305193	1.22442608194004	1.67096625806939	1.046336463996	1	0.487368024605571	0.656791200294071	0.611069405570433	1	0.39762668684945	0.457215297781172	1.83896664917042	1.3111247966738	1.17335563122977	1.32389049360498	1	0.813868732318399	1	1.00761816441493	1	1.7510333280312	0.645925481098647	0.487192792897094	1.28778636066491	0.684875306549032	0.499667792719759	1.86472728821657	1	0.919865215793534	0.854061244812448	1.2492107275521
E123-H2AZ	0.896490980473794	1.24860722771586	1	1	1	1	0.830924586776261	1	1.16810457769016	1	1	1	1	1	1	1	1	0.764960441939258	1	1	1.04943319507763	1	1	1	1	1.02997897775409	1	1	1	1	0.981871169889182	1	1	0.691800632389378	1	1	1	1	1
E124-H3K4me1	0.5652550735579	1	0.998301974971156	1	1	1.49831038496471	1	1	1	1.67420717744666	1.32678672666579	1	1	0.714438477024001	1.21598470589424	0.853379922007391	1.32824469979314	0.728324166814172	0.894147030318454	1.39545371429097	1	1	1.65522439132636	1	0.892177230904929	1.09306044809036	1	1.06274245445671	1	0.947965280083401	0.70979349912476	1.27735495521949	1	0.939443722864086	1.26541086744464	0.632543861226111	1	0.774263750233135	1
E124-H4K20me1	1	1	1	1	1.32327686774389	2.01388626600658	0.691590757542358	0.571070430720442	1	1.19891819033613	1.27933845840819	1	1	0.727096437175765	0.774542227162348	0.990953719863118	1	1	1	1	1	1	1.2988621885123	0.967444651432446	1	1	1	1.45006382574101	0.871785988360166	1	1	1	1	1	1.02596636792608	0.887834539072099	0.921801881455885	1	1
E030-H3K36me3	1	1	1	1	1.01439747772933	1.29203499974203	1	0.764435373778137	1	1.87992243513774	1	0.798356365642773	1.09655360182415	0.407751525104299	0.859606751524272	1	1	0.779521505034268	0.686852991594868	1	1	1	1.36678606449555	0.787920521063219	1.05029246314821	1	1	1.27603785508796	1	1	1	1	1	1	1.33284004176386	1	1	1.08717975346299	1
E045-H3K4me1	0.662480383329191	1	1	0.607581275696041	0.963081138108447	1.0636193936814	1	1	1	1.19350439093785	1.38923510103983	1	0.998554613674671	0.938147122855634	0.939306054577315	0.579254505729674	1	1	0.826584955882776	2.11703166544106	1.23579671133931	1.18554778286559	1.14700896823694	1.12252201638736	0.892811192301978	1	1	1	1.18088659763937	0.642234951021152	1	1	0.66957475052778	0.66629624957079	1.86150769988871	1	1	1	1.15999576409419
E062-H3K27me3	1.1482138330877	1	0.730169080689073	1	1	0.769335734023637	1	1.13547120774413	1	0.916171548355178	0.856141342615298	1.25840932782326	1	1.37014758442525	1	1	1.26998166694772	1	1.38421697244976	0.687171994690721	0.938587553216154	0.678095130833924	0.721330727446809	1.28409964262132	1	1	1	1	0.94330730026317	1	1.43395460290022	1	1.08556402841276	1.00534063583851	0.263033329702295	1	2.36623681156574	1	1
E048-H3K27ac	0.874274198790475	1	1	1	1	1.04803969258719	1	1	1	1.17645189105577	1.18248671219892	1	1	0.942386225805098	1	1	1	0.81329551588087	0.668719170465311	1.49491921051825	1.12357166223345	1.23500985412908	1.01940797658816	1	0.982517084126292	1	1	1	1.14003519476159	0.695546497696099	1	1	1	0.820301905559322	1.08704369639766	0.982148884749441	0.674434027164874	1	1.11497630281592
E062-H3K36me3	1	1	1	1	1.20779777306468	1.28934997109623	1	0.753364052727373	1	1.252238639304	1	0.870228220338768	1	0.869840452954511	0.803828010415134	1	0.99638590557381	1	0.709950930493847	1	1	1	1	0.924003763865562	1.12129371065212	1	1	1.11017058639391	1	1	1	1	1	1	2.03185496209661	1	1	1	1
E123-H3K4me1	0.799117531603535	1.47715506769944	0.901478198802472	1	1.64080066233257	1	0.863687212666467	1	1	1	1.00531348234222	1	1	1	1	1	1	0.661298938714488	1	1.1067243994105	1	1	1.15318525972995	1	1	1.17720430067895	1	1	1.00141556818571	1	1	1	1	0.706539817472707	1	1	0.807873771452182	0.961310201862156	1
E115-H2AZ	0.974944130544419	1	1	1	1	1	1.0178542743102	1	1	1	1.18417373583054	1	1	1	1	1	1.00973406552598	0.965449454805315	1	1.07265431499977	1.31728048888519	1	1.3891025435197	1	1	1	1	1	0.803944490256851	0.993987216857746	1	1	1	1	1	1	1	1	1
E115-H3K79me2	0.800762278514892	1	1	1	1	1.63224893265763	0.584093793076282	1	1	1	1	1	2.03835408255407	1	0.870612884903262	1	1	1	1	1.18908345839082	1	1	1.94097827017602	0.825767835953876	1.29941465121581	1	1	1	1	1	1.01394612143861	1	0.834178556726587	1.14814013455444	1.49690258888437	0.342707597401535	1	1	0.849178979789324
E030-H3K4me1	0.846667743633783	1	0.876105678458095	1	1	1	1	1.14544761435514	1	1.87476946545123	1.28005073632641	1.1053933265529	1	0.963627507277852	1.08640748947457	0.828933412042851	1.25889970429443	0.5042836412974	0.883479405069448	1.43097933059144	1	0.894204390455972	1.69374194064217	1	0.77794577670993	1	1	1	1	0.856248438412769	0.559051091650532	1	0.795192170911736	0.98562991123643	1.16359342291019	1	1	0.496429190060788	0.938647368778088
E037-H3K4me1	0.50427652185593	1	1	0.472148506937837	0.972943203101463	1.44092251018985	1	1	1.14057915533787	1.06020993576175	1.77944686152068	1.14916790633786	1	0.74110614664681	0.739665049229084	0.522622626547313	1.16484306760744	0.868355129313248	0.788514950643206	2.28886504219655	1.42341451813873	1	1.42848672290407	1	0.803082836177803	1	1	1	1.70741260441478	0.513723580885133	0.51469927184075	1.03551786820354	0.706854458383162	0.60497171535029	1.674683573963	1	1	0.685378615879093	1.13581584992419
E040-H3K4me3	0.754266473543661	0.933156529380296	1	0.603018381938211	0.836209141466152	1.32906629087171	1.04858470641616	1	1	1.11286414440056	1.49128022954016	1.22157233338225	1.00296786955301	0.794184527743158	0.850931712444469	0.858989591497724	1.01973782030711	1	0.821021264338554	1.40982096336589	1.06926529360456	1	1.64014976524038	1	0.883536521719069	1	1	1	1.04100821326658	0.673044345918079	0.740466040255199	1	0.782508928561305	0.792673818507732	1	1	1	1	1.01502289684584
E039-H3K36me3	0.817910697519784	1	1	1	1.32660056653432	1.18473583562597	1	0.895388932141547	1	1.7159430435751	1	0.854559997653779	1	0.942992489070629	0.824400394268407	1	1	1	0.650017944598277	1	1	1	1	0.820846902240086	1	1	1	1	1	1	0.761491657434626	1	1	1	2.65295209194695	1	1	1	1
E042-H3K27me3	1.13788685575509	1	0.86839925642523	1.05336389926229	1	0.718974359187935	0.982252739549242	1	1	0.94870688074243	0.852969386171383	1	1.24501441651271	1.28920086710485	1	1.03980934045643	1	1	1.12014372506787	0.559586441148525	0.86419608461341	1	1	1.13401072925961	1	0.705326717120906	1	1	0.771422048374669	1.47722996755949	1.12527181690277	1	1.65719581566315	1	0.841195086097294	1	2.61208005634651	1	0.676789209845274
E036-H3K9me3	1	1	0.965332513895409	1	1	1	0.825288655655014	1	1	1	1	1	1	0.88599174803861	1	1	1.11922234451684	0.885911482632767	1	1	1	1	1.03491135882186	1	0.816064517750219	1.16145857640657	1	0.990042218042163	1	1	1	1	1.38784027334537	1	0.957577089578024	1	1	1	1
E034-H3K27ac	0.504970742507882	1	1.01236415059036	0.628540469469592	0.903000132840062	1.4351967964797	1	1	1.32911338760073	1.29652498194663	1.68995755039114	1	1	0.424999130570116	0.790063431159178	0.583153206830617	1	0.617434689360006	0.446624957049218	1.95617335873859	1.38167136366935	2.48057325004057	1.69245564787409	1	0.752884299173907	1.18069821183626	1	1	1.30004427844916	0.64706738305122	0.495224973805069	1.55475748027504	0.606022551169475	0.588395307493595	2.51489139939284	1	0.359971773231692	1	1.06337908556905
E124-H3K9ac	1	1.14724736576244	1	1	1.19040874736834	1.06300300375813	1	0.571179607480437	1	1.16891792144032	1	1	1	1	1	1	1.20918842112004	0.797431869535897	1	1.04809457837372	1	1	1	1	1	1	1.04627208108723	1.0002442002442	1	1	1	1	1	0.854471885805137	1	1	1	0.680767093186951	1
E032-H3K4me1	0.583625314483062	1	1.26643931115527	0.769525382246132	1	2.60558467146583	1	0.876207613623185	1	1	1.76548054484289	1	1	1	1	0.724358842797863	1.11206862249357	0.746914204056699	0.729520277924407	1.31731553028935	1	0.855526611068438	2.30919013519951	1	0.622272934278727	1.23706951822587	1	1	1	0.350209155453605	0.618637286614238	1.57290048303618	0.823224872816466	0.723398607352139	1.61945628696072	0.62404791050694	1	0.808494645359647	1
E047-H3K27ac	0.589150058998895	1	1	0.930020378473233	1	1.20447364864412	1	0.973319368408857	1	1.42761029244228	1.34749834046219	1	1	0.571694668482223	1	0.911705062764019	1	1	0.935005392639482	1.45985459522392	1.1598166497003	2.03295709586811	1	1	1	1	1	1	1	0.940094759351184	0.665174615645671	1	0.930434970125155	0.88748314336844	1.91522917167044	1	0.807873771452182	1	1
E037-H3K36me3	0.74371045832587	1.38306772401614	1	1	1.26452052182511	1.44546462469566	1	0.630931913827928	1	1	1	0.95845605387845	1	0.933712267659586	1	1	0.909826859195239	0.556479897475685	0.787148894377424	1	1	1	1	0.753736434669503	1	1	1	1	1	1	1	1	0.837252076319097	1	2.61558260045043	1	0.910181002755873	1	1
E032-H3K4me3	0.692124066923933	1	1	0.810687107377188	1	1.25497472008964	1	1	1	1	1.30264400488318	1.15739011296987	1.95498131967723	1	1	1	1	1	1	1.08074712922196	1	1	2.05232874279257	1	1	1	1	1	1	0.689076700697898	1	1.60274735899171	0.848129127495543	1	1	0.712531369089053	1	1	1
